2 6 12 20 30 
1 25 25 25 25 
0 0 0.01063400604143992061 0.01063400604143992061
4 0 0.004611640209611109903 0.01524564625105103051
4 14.4 0.004310542102240039891 0.01955618835329107214
4 28.8 0.004243328648407583906 0.02379951700169865431
4 43.2 0.004179849275343597119 0.02797936627704225229
4 57.6 0.003792968231399572541 0.03177233450844182266
4 72 0.003612067156332488677 0.03538440166477431481
4 86.4 0.003271559358688784676 0.03865596102346310209
4 100.8 0.002913541749874012671 0.0415695027733371178
4 115.2 0.00268591420465013166 0.04425541697798725249
4 129.6 0.002557088418137923921 0.04681250539612517858
4 144 0.002181863761457635692 0.04899436915758281774
4 158.4 0.002038858560135428221 0.0510332277177182464
4 172.8 0.002185396000022404427 0.05321862371774065126
4 -172.8 0.001973613067789057283 0.05519223678552970941
4 -158.4 0.002129788472902760001 0.05732202525843246854
4 -144 0.002262852945692690049 0.05958487820412515512
4 -129.6 0.002400610249718669858 0.06198548845384382194
4 -115.2 0.002707662702098921539 0.06469315115594274912
4 -100.8 0.002898100821290880598 0.06759125197723363232
4 -86.4 0.003234773617064264518 0.07082602559429790334
4 -72 0.003536224948291811967 0.07436225054258971401
4 -57.6 0.003804321855357757545 0.07816657239794747025
4 -43.2 0.00412136549682121274 0.08228793789476868126
4 -28.8 0.004275320637694202987 0.08656325853246288338
4 -14.4 0.004278095967995092924 0.09084135450045797977
9 0 0.0160757223137716794 0.1069170768142296557
9 14.4 0.01531306154708718739 0.1222301383613168396
9 28.8 0.01471929224434956676 0.1369494306056664168
9 43.2 0.01417583211088443637 0.1511252627165508566
9 57.6 0.01219076449803534364 0.1633160272145862124
9 72 0.01077781861157693123 0.174093845826163135
9 86.4 0.008967294044378338463 0.1830611398705414838
9 100.8 0.007278732628766116861 0.1903398724993075886
9 115.2 0.005645173213662436559 0.195985045712970013
9 129.6 0.004446381905330859877 0.2004314276183008781
9 144 0.003329891755558393816 0.2037613193738592732
9 158.4 0.002708924215872053447 0.2064702435897313171
9 172.8 0.002653215767650558138 0.2091234593573818856
9 -172.8 0.002441432835417210994 0.2115648921927990866
9 -158.4 0.002714777639779384667 0.2142796698325784843
9 -144 0.003368443616465298125 0.2176481134490437785
9 -129.6 0.004563551304579330399 0.2222116647536231115
9 -115.2 0.005663339011995532912 0.2278750037656186445
9 -100.8 0.007398223213357150302 0.2352732269789757913
9 -86.4 0.009292915979499090026 0.2445661429584748692
9 -72 0.01094676053607472783 0.2555129034945495814
9 -57.6 0.01232009489005680448 0.2678329983846063911
9 -43.2 0.01406078205477482787 0.2818937804393812363
9 -28.8 0.01486926100169946169 0.2967630414410806772
9 -14.4 0.01506933708611814596 0.3118323785271988058
16 0 0.03035646191002974725 0.3421888404372285253
16 14.4 0.02939382598002842142 0.3715826664172569571
16 28.8 0.02813019286375787603 0.399712859281014854
16 43.2 0.02543065431035792037 0.425143513591372757
16 57.6 0.02177720950226671309 0.4469207230936394493
16 72 0.01794336822461767289 0.4648640913182571222
16 86.4 0.01361814210205838233 0.4784822334203154837
16 100.8 0.009431177889034322512 0.4879134113093497871
16 115.2 0.005527801972210264272 0.4934412132815600427
16 129.6 0.003149898970407964856 0.4965911122519680032
16 144 0.002027555396728168008 0.4986186676486961677
16 158.4 0.001611003548840085967 0.500229671197536252
16 172.8 0.001514119291063572735 0.5017437904885998501
16 -172.8 0.001354007962977699271 0.5030977984515775381
16 -158.4 0.001666358773205104272 0.504764157224782628
16 -144 0.002069740417301691501 0.5068338976420843078
16 -129.6 0.003177854115620562959 0.5100117517577048565
16 -115.2 0.005512461964728983081 0.5155242137224338439
16 -100.8 0.009069325278349228692 0.5245935390007830934
16 -86.4 0.01341751095157951885 0.5380110499523625966
16 -72 0.01778456887085585678 0.5557956188232184846
16 -57.6 0.02173679060097557375 0.5775324094241940376
16 -43.2 0.02561634913776290531 0.6031487585619569325
16 -28.8 0.02804425854553214623 0.6311930171074890961
16 -14.4 0.02944872705943511054 0.6606417441669242274
25 0 0.03241217429417421469 0.6930539184610984282
25 14.4 0.03192452353003243093 0.7249784419911308175
25 28.8 0.0296557666998814827 0.7546342086910122759
25 43.2 0.02645616408681213116 0.7810903727778244487
25 57.6 0.02225814901313543509 0.8033485217909598353
25 72 0.01685907190633553071 0.8202075936972953452
25 86.4 0.01162384020838996487 0.831831433905685258
25 100.8 0.00638689285171294141 0.8382183267573981578
25 115.2 0.003101658683723409245 0.8413199854411215206
25 129.6 0.00150821540660531629 0.842828200847726805
25 144 0.001336195388501079922 0.8441643962362278542
25 158.4 0.001107558632258693557 0.845271954868486497
25 172.8 0.0009024364927474816563 0.8461743913612339574
25 -172.8 0.001027326356287518432 0.8472017177175215075
25 -158.4 0.001115783702059512054 0.8483175014195810659
25 -144 0.001111545015781789528 0.8494290464353628778
25 -129.6 0.001803813313925532735 0.8512328597492884175
25 -115.2 0.002969401579748283653 0.8542022613290366495
25 -100.8 0.006136356216368988627 0.8603386175454056373
25 -86.4 0.01166188746378761694 0.8720005050091932386
25 -72 0.017128228484970906 0.889128733494164103
25 -57.6 0.02232727996790305133 0.9114560134620671716
25 -43.2 0.02674717008399814591 0.9382031835460653557
25 -28.8 0.02994783236863693063 0.9681510159147023176
25 -14.4 0.03184898408529730079 0.9999999999999996669
