2 6 12 20 30 
1 25 25 25 25 
0 0 0.01988683984244095718 0.01988683984244095718
4 0 0.007836190935804437235 0.02772303077824539441
4 14.4 0.007535705787334154651 0.03525873656557954733
4 28.8 0.007326007979035032563 0.04258474454461458336
4 43.2 0.007323512107140293069 0.0499082566517548773
4 57.6 0.006619096833990958419 0.05652735348574583485
4 72 0.006379849685223756145 0.06290720317096959446
4 86.4 0.006130619048877595026 0.06903782221984719469
4 100.8 0.005376286337833464414 0.07441410855768065824
4 115.2 0.005027666517107486251 0.07944177507478814015
4 129.6 0.004909870277503962724 0.08435164535229210114
4 144 0.004153576524256821952 0.0885052218765489257
4 158.4 0.003911566088749015083 0.09241678796529793904
4 172.8 0.004370004272843545749 0.09678679223814148913
4 -172.8 0.00379073914755902186 0.100577531385700511
4 -158.4 0.003961750941489676145 0.1045392823271901889
4 -144 0.004301144950033313104 0.1088404272772234976
4 -129.6 0.004316164750542729467 0.113156592027766234
4 -115.2 0.00489141865313927858 0.1180480106809055074
4 -100.8 0.005118676702983534187 0.1231666873838890425
4 -86.4 0.005705607720516187205 0.1288722951044052323
4 -72 0.00602445535506919861 0.1348967504594744404
4 -57.6 0.006465288728477617229 0.1413620391879520655
4 -43.2 0.006909999617151079375 0.1482720388051031457
4 -28.8 0.007268647494596994045 0.1555406862997001372
4 -14.4 0.007332203089630904939 0.1628728893893310326
9 0 0.0216890376270070101 0.1845619270163380565
9 14.4 0.02051673551187591441 0.2050786625282139675
9 28.8 0.01990181507380939588 0.2249804776020233599
9 43.2 0.019294114836581229 0.2442745924386045819
9 57.6 0.01661287988451600611 0.260887472323120595
9 72 0.0151363042439315431 0.2760237765670521259
9 86.4 0.0132927462965383731 0.2893165228635904973
9 100.8 0.01078216658527598668 0.3000986894488664736
9 115.2 0.008892925268380881196 0.3089916147172473426
9 129.6 0.007521399093080378268 0.3165130138103277035
9 144 0.005980733027770274157 0.3224937468380979499
9 158.4 0.005321421725290166257 0.3278151685633881041
9 172.8 0.005402671269292142787 0.3332178398326802737
9 -172.8 0.005017371045541683776 0.338235210878221948
9 -158.4 0.005422281691322240922 0.3436574925695441984
9 -144 0.006515518150359255953 0.3501730107199034769
9 -129.6 0.007801382436701012092 0.357974393156604509
9 -115.2 0.008923499699091444123 0.3668978928556959618
9 -100.8 0.01152473304310205893 0.3784226258987980485
9 -86.4 0.0135822228671872141 0.3920048487659852365
9 -72 0.01514646600807441346 0.4071513147740596361
9 -57.6 0.01734109507894732519 0.4244924098530069578
9 -43.2 0.01956794763874696724 0.444060357491753932
9 -28.8 0.01970276929020389409 0.4637631267819578018
9 -14.4 0.02064754594064486734 0.4844106727226026865
16 0 0.02663148794656552271 0.5110421606691681884
16 14.4 0.02611671436827543713 0.5371588750374436394
16 28.8 0.02474772863401064962 0.5619066036714542856
16 43.2 0.0227089578491360411 0.5846155615205903544
16 57.6 0.02016321308564241258 0.6047787746062327496
16 72 0.0167653509158000244 0.6215441255220327532
16 86.4 0.01320953571033338728 0.6347536612323660954
16 100.8 0.0105164899359091301 0.6452701511682752411
16 115.2 0.007158160594113780091 0.6524283117623890238
16 129.6 0.005014028359968372185 0.6574423401223573604
16 144 0.003966608977856223017 0.6614089491002135279
16 158.4 0.003407266258588640458 0.6648162153588021983
16 172.8 0.003009442106223505446 0.6678256574650257571
16 -172.8 0.003149656623738710231 0.6709753140887644296
16 -158.4 0.003497385061645138637 0.674472699150409527
16 -144 0.003697143951506278673 0.6781698431019158591
16 -129.6 0.005296061884073970626 0.6834659049859898028
16 -115.2 0.00717937550521906883 0.6906452804912088794
16 -100.8 0.009978941526579541976 0.7006242220177884006
16 -86.4 0.01322985923861912452 0.71385408125640748
16 -72 0.01728386830193221965 0.7311379495583396615
16 -57.6 0.01983095013965517628 0.7509688996979948516
16 -43.2 0.02295939185228859647 0.7739282915502834204
16 -28.8 0.02519908032468975642 0.7991273718749731803
16 -14.4 0.02617679357031310258 0.8253041654452862863
25 0 0.01375934063343178457 0.8390635060787180466
25 14.4 0.01351251673069840849 0.8525760228094164672
25 28.8 0.01273117512022191485 0.8653071979296383942
25 43.2 0.01159363693505326837 0.876900834864691614
25 57.6 0.01003340501685404292 0.8869342398815456274
25 72 0.00807392273377840336 0.89500816261532401
25 86.4 0.006496620834584797798 0.9015047834499088086
25 100.8 0.00500930403102475743 0.9065140874809335392
25 115.2 0.003794884077669928753 0.9103089715586034636
25 129.6 0.002381462909850578114 0.9126904344684539927
25 144 0.0028907099146594545 0.9155811443831134433
25 158.4 0.002859377808552274365 0.9184405221916657203
25 172.8 0.001949454226355703049 0.9203899764180214493
25 -172.8 0.002265984265577884304 0.922655960683599341
25 -158.4 0.002672722246138518627 0.9253286829297379112
25 -144 0.002183486785628538027 0.9275121697153664302
25 -129.6 0.002789760810345424513 0.9303019305257118621
25 -115.2 0.00367258635482767791 0.9339745168805395625
25 -100.8 0.004496313218373771368 0.9384708300989133001
25 -86.4 0.006566861800765332741 0.9450376918996786779
25 -72 0.008374318743966730622 0.9534120106436454467
25 -57.6 0.009495945745806411847 0.9629079563894518135
25 -43.2 0.01146126658635010336 0.974369222975801863
25 -28.8 0.01240613237507303193 0.9867753553508749054
25 -14.4 0.01322464464912475809 0.9999999999999996669
