2 6 12 20 30 
1 25 25 25 25 
0 0 0.02698237937022333888 0.02698237937022333888
4 0 0.007791613006050902152 0.03477399237627423756
4 14.4 0.007955917791427775596 0.04272991016770201489
4 28.8 0.007577805094058994058 0.05030771526176101155
4 43.2 0.007854183981056911748 0.05816189924281792156
4 57.6 0.007683121367540156517 0.06584502061035807374
4 72 0.007536158960401773133 0.07338117957075984688
4 86.4 0.007638137029621066589 0.08101931660038091954
4 100.8 0.007446312413987808514 0.08846562901436873239
4 115.2 0.007409307198450747547 0.0958749362128194782
4 129.6 0.007489424100735606223 0.103364360313555087
4 144 0.007260675689181429228 0.1106250360027365154
4 158.4 0.00730236253264672161 0.1179273985353832405
4 172.8 0.007333383406397261071 0.1252607819417805024
4 -172.8 0.00715987820439621149 0.1324206601461767052
4 -158.4 0.007447085900341168796 0.1398677460465178601
4 -144 0.007247485711366239911 0.1471152317578841018
4 -129.6 0.00714790952082316848 0.154263141278707272
4 -115.2 0.007697206961132921355 0.1619603482398401795
4 -100.8 0.007244920993457730322 0.1692052692332979003
4 -86.4 0.007368882359035673797 0.1765741515923335836
4 -72 0.007724808211005448899 0.1842989598033390464
4 -57.6 0.00767449088822898251 0.191973450691568015
4 -43.2 0.007679172516157213926 0.1996526232077252272
4 -28.8 0.007973545138322768455 0.2076261683460479956
4 -14.4 0.007693909466679123808 0.2153200778127271064
9 0 0.01638956518057547648 0.2317096429933025725
9 14.4 0.01589042222380990591 0.247600065217112475
9 28.8 0.0161204326394142998 0.2637204978565267921
9 43.2 0.01607512262303063821 0.2797956204795574164
9 57.6 0.01521561644521548899 0.2950112369247728794
9 72 0.01535431476131534148 0.3103655516860882035
9 86.4 0.01515561018811798812 0.3255211618742062107
9 100.8 0.01438265306226300597 0.3399038149364692063
9 115.2 0.01450608520033601877 0.3544099001368052337
9 129.6 0.01461689729790684351 0.3690267974347120616
9 144 0.01390976793170359792 0.3829365653664156821
9 158.4 0.01374977838598231104 0.3966863437523979741
9 172.8 0.01426174493229042869 0.4109480886846884062
9 -172.8 0.01388570843513329753 0.4248337971198217211
9 -158.4 0.01378987754693281054 0.4386236746667545594
9 -144 0.01456022924507121251 0.4531839039118257806
9 -129.6 0.01437955911684956484 0.4675634630286753524
9 -115.2 0.0142402094438205673 0.4818036724724958919
9 -100.8 0.0149526310850731179 0.4967563035575690011
9 -86.4 0.01509597031929313035 0.5118522738768621627
9 -72 0.01512296092204458431 0.5269752347989067331
9 -57.6 0.01566826880116332227 0.5426435036000700762
9 -43.2 0.01606828337527461265 0.5587117869753447374
9 -28.8 0.0159232343291155938 0.5746350213044603139
9 -14.4 0.01622603388155196419 0.590861055186012285
16 0 0.01414771675988195018 0.6050087719458941971
16 14.4 0.01391200697114753498 0.6189207789170417806
16 28.8 0.01377904873798577179 0.6326998276550275246
16 43.2 0.01348198926848749417 0.6461818169235150622
16 57.6 0.0127973724261478284 0.6589791893496629305
16 72 0.01254358748262963431 0.6715227768322925561
16 86.4 0.01221900818287497206 0.6837417850151675802
16 100.8 0.01181345707486594794 0.6955552420900334987
16 115.2 0.01141673999520845598 0.7069719820852419234
16 129.6 0.01135787361273695936 0.718329855697978914
16 144 0.01097943523690360357 0.7293092909348825037
16 158.4 0.0109044477704357632 0.7402137387053182582
16 172.8 0.010793594963056867 0.7510073336683751322
16 -172.8 0.01088063253271389329 0.7618879662010890064
16 -158.4 0.01092773378065270418 0.7728156999817417105
16 -144 0.01094935068873871022 0.7837650506704804121
16 -129.6 0.01149075042628257791 0.7952558010967629709
16 -115.2 0.01142508550586312892 0.8066808866026260461
16 -100.8 0.01168603537560192022 0.8183669219782279125
16 -86.4 0.01239194344756301865 0.8307588654257909155
16 -72 0.01248097579781555326 0.8432398412236065122
16 -57.6 0.01300596948270657527 0.8562458107063131152
16 -43.2 0.01356381598271135837 0.8698096266890245065
16 -28.8 0.01372799863866401744 0.8835376253276885361
16 -14.4 0.01385688589101862281 0.8973945112187071693
25 0 0.005015326224993746362 0.9024098374437009573
25 14.4 0.004692131058713517114 0.9071019685024144241
25 28.8 0.004533159258194019263 0.9116351277606083992
25 43.2 0.00461409035664030881 0.9162492181172486871
25 57.6 0.004249493315551289112 0.920498711432799932
25 72 0.004135912951031596625 0.9246346243838314827
25 86.4 0.004116738631429884936 0.9287513630152613997
25 100.8 0.003829327386444570346 0.9325806904017059917
25 115.2 0.003943559107893407877 0.936524249509599449
25 129.6 0.003797614445956813949 0.9403218639555562808
25 144 0.003850781455298290124 0.9441726454108545497
25 158.4 0.003744081048342693362 0.9479167264591972231
25 172.8 0.0036302564249745717 0.9515469828841718325
25 -172.8 0.003635752249064233988 0.9551827351332360383
25 -158.4 0.003724743889508695845 0.9589074790227447576
25 -144 0.003693682305950084493 0.9626011613286948876
25 -129.6 0.003756660379036809959 0.9663578217077316568
25 -115.2 0.003759062257713032852 0.9701168839654447096
25 -100.8 0.003845448470440913664 0.9739623324358855916
25 -86.4 0.004065240724219343696 0.9780275731601049127
25 -72 0.004088282475587855062 0.9821158556356928138
25 -57.6 0.004160745933955257297 0.986276601569648026
25 -43.2 0.004564994328105990463 0.9908415958977540017
25 -28.8 0.004473030871672304017 0.9953146267694262805
25 -14.4 0.004685373230573636194 0.999999999999999889
