2 6 12 20 30 
1 25 25 25 25 
0 0 0.03499890282884543513 0.03499890282884543513
4 0 0.0100491597056880707 0.04504806253453350756
4 14.4 0.01031090055532453593 0.05535896308985804176
4 28.8 0.009341861600752857098 0.06470082469061089192
4 43.2 0.009987204756133486946 0.0746880294467443806
4 57.6 0.00967299868268393058 0.08436102812942830598
4 72 0.009200560838610826603 0.09356158896803913605
4 86.4 0.009220292779359654661 0.1027818817473987872
4 100.8 0.008827409772670066421 0.1116092915200688485
4 115.2 0.008836690473615490052 0.1204459819936843368
4 129.6 0.008638994821494288059 0.129084976815178637
4 144 0.008188588190926760629 0.137273565006105408
4 158.4 0.008566797656932367139 0.1458403626630377647
4 172.8 0.008460362230774495784 0.1543007248938122467
4 -172.8 0.008021870013582848777 0.1623225949073950902
4 -158.4 0.008608769835982840735 0.1709313647433779448
4 -144 0.0084025877771412745 0.1793339525205192297
4 -129.6 0.008056526324770938927 0.1873904788452901704
4 -115.2 0.008672773228538890877 0.1960632520738290752
4 -100.8 0.008352045581452008718 0.2044152976552810752
4 -86.4 0.008986394032559458581 0.213401691687840539
4 -72 0.009297130294394285663 0.2226988219822348125
4 -57.6 0.009158881294274848206 0.2318577032765096746
4 -43.2 0.00984105461872267738 0.2416987578952323468
4 -28.8 0.01020379624981924624 0.2519025541450515826
4 -14.4 0.009640976083926298956 0.2615435302289778607
9 0 0.01792023923138739636 0.2794637694603652744
9 14.4 0.01692532300706248855 0.2963890924674277838
9 28.8 0.01753249823468108412 0.3139215907021088436
9 43.2 0.01744261757237180327 0.3313642082744806538
9 57.6 0.01635978551882065479 0.3477239937933013225
9 72 0.01655718853622736159 0.3642811823295286633
9 86.4 0.01627630101527105869 0.3805574833447997185
9 100.8 0.01479937361121312633 0.3953568569560128587
9 115.2 0.01553861070498754535 0.4108954676610003798
9 129.6 0.01497110838366267141 0.4258665760446630477
9 144 0.01392355971568781658 0.4397901357603508643
9 158.4 0.01392456303470894323 0.4537146987950598231
9 172.8 0.01399968654641581614 0.4677143853414756358
9 -172.8 0.01359058321555134397 0.4813049685570269798
9 -158.4 0.01389684634675031512 0.4952018149037772932
9 -144 0.01465222015478119012 0.5098540350585585301
9 -129.6 0.01449733278089473248 0.5243513678394532418
9 -115.2 0.01452860289038651956 0.5388799707298397301
9 -100.8 0.01575369722014161381 0.5546336679499813682
9 -86.4 0.0165675143611531267 0.571201182311134481
9 -72 0.01594478768870706206 0.5871459699998415882
9 -57.6 0.01755624345151441876 0.6047022134513559966
9 -43.2 0.01765699340321924202 0.622359206854575242
9 -28.8 0.01699622421788878415 0.6393554310724640644
9 -14.4 0.01840358816981525758 0.6577590192422793081
16 0 0.0114983704217873732 0.6692573896640666709
16 14.4 0.01166145156767969988 0.6809188412317463968
16 28.8 0.01123257449110718655 0.6921514157228535469
16 43.2 0.01133591635028325176 0.7034873320731368507
16 57.6 0.0107835474241937089 0.7142708794973305908
16 72 0.01016232573027933683 0.7244332052276098999
16 86.4 0.0102658766142514693 0.73469908184186139
16 100.8 0.009943393158877615948 0.7446424750007389903
16 115.2 0.009599840004060097853 0.7542423150047991021
16 129.6 0.01001914374497269236 0.7642614587497718048
16 144 0.009553018449740845186 0.7738144771995126847
16 158.4 0.009287765983530434089 0.7831022431830431119
16 172.8 0.00916210027613429713 0.7922643434591774003
16 -172.8 0.009560877782073005926 0.8018252212412504409
16 -158.4 0.009898829072355898664 0.8117240503136063934
16 -144 0.009488680617511085005 0.8212127309311174628
16 -129.6 0.01007516239031894072 0.8312878933214363775
16 -115.2 0.01023665494776115036 0.8415245482691975365
16 -100.8 0.01050859620744573966 0.8520331444766432449
16 -86.4 0.01118023468217173647 0.8632133791588150196
16 -72 0.01115485907192906995 0.8743682382307440548
16 -57.6 0.01197816593868207373 0.8863464041694261164
16 -43.2 0.01150898888142763352 0.8978553930508537118
16 -28.8 0.01238797995385317735 0.9102433730047069238
16 -14.4 0.01219772558447199985 0.9224410985891788872
25 0 0.003183991108586834567 0.9256250896977656906
25 14.4 0.003176758850642878631 0.9288018485484085263
25 28.8 0.002972123575292215467 0.9317739721237007222
25 43.2 0.003138716337758485839 0.9349126884614592514
25 57.6 0.0031809811515234542 0.9380936696129826835
25 72 0.002450105049591760117 0.9405437746625744388
25 86.4 0.002566824495716183048 0.9431105991582906523
25 100.8 0.00283320569582536097 0.9459438048541159993
25 115.2 0.003375416016825994597 0.9493192208709420044
25 129.6 0.002459051310863474143 0.9517782721818054403
25 144 0.003064763364909594591 0.9548430355467150132
25 158.4 0.003609732813218326924 0.9584527683599333159
25 172.8 0.002334221702651609245 0.9607869900625849446
25 -172.8 0.003016938491569214845 0.9638039285541541989
25 -158.4 0.003636362572237401749 0.9674402911263916272
25 -144 0.00319469317814552109 0.9706349843045370962
25 -129.6 0.003644556344243271226 0.9742795406487804177
25 -115.2 0.003250879043328624464 0.977530419692109076
25 -100.8 0.003605385097460110308 0.9811358047895691881
25 -86.4 0.003335241451021707035 0.9844710462405908968
25 -72 0.003104310856325677784 0.9875753570969165729
25 -57.6 0.003085833064353258465 0.9906611901612698556
25 -43.2 0.003040140243932773056 0.9937013304052025875
25 -28.8 0.003034245744683652934 0.9967355761498862821
25 -14.4 0.003264423850113837202 1.000000000000000222
