2 6 12 20 30 
1 25 25 25 25 
0 0 0.01153300798601626827 0.01153300798601626827
4 0 0.004069890603235793401 0.0156028985892520608
4 14.4 0.003988520257954294816 0.01959141884720635648
4 28.8 0.003787718453504351941 0.02337913730071070756
4 43.2 0.003787227975232613196 0.02716636527594332162
4 57.6 0.003637092576253308281 0.0308034578521966286
4 72 0.003550523161291376396 0.03435398101348800803
4 86.4 0.003464983750700096309 0.03781896476418810521
4 100.8 0.003339323217480566919 0.0411582879816686717
4 115.2 0.003226120832363208162 0.04438440881403187682
4 129.6 0.00317903491827626521 0.0475634437323081416
4 144 0.003136608547770842505 0.05070005228007898324
4 158.4 0.003125818025792584474 0.05382587030587156901
4 172.8 0.003163290565753443685 0.05698916087162501226
4 -172.8 0.002965529726588282764 0.05995469059821329633
4 -158.4 0.003136804739079538003 0.06309149533729282999
4 -144 0.003158434830863227506 0.06624993016815605706
4 -129.6 0.003210768862457777633 0.06946069903061383166
4 -115.2 0.003364386657166429373 0.07282508568778026103
4 -100.8 0.003450220354720752707 0.07627530604250101764
4 -86.4 0.003521781134567471619 0.07979708717706848753
4 -72 0.003640427828501133049 0.08343751500556961798
4 -57.6 0.003762164535546750743 0.08719967954111636221
4 -43.2 0.003848194424409769575 0.09104787396552613266
4 -28.8 0.003907198960499970106 0.0949550729260261045
4 -14.4 0.003820678593365212095 0.09877575151939131659
9 0 0.01201745337501286884 0.110793204894404182
9 14.4 0.01181091297478358004 0.122604117869187762
9 28.8 0.01134476242532284421 0.1339488802945106027
9 43.2 0.01110859713748051959 0.1450574774319911275
9 57.6 0.01043786810087745168 0.1554953455328685896
9 72 0.009943466002964548509 0.1654388115358331468
9 86.4 0.009336351998206026195 0.1747751635340391851
9 100.8 0.008847590400418122933 0.1836227539344573167
9 115.2 0.008321405310496533467 0.1919441592449538381
9 129.6 0.007730722327841268657 0.1996748815727951154
9 144 0.007479450309229383753 0.2071543318820245061
9 158.4 0.007067546656622980018 0.2142218785386474922
9 172.8 0.007193844811595769342 0.2214157233502432598
9 -172.8 0.007023452659993644279 0.2284391760102369162
9 -158.4 0.007199191024757724267 0.2356383670349946335
9 -144 0.007647144830336943984 0.2432855118653315663
9 -129.6 0.008249648339341119491 0.2515351602046727031
9 -115.2 0.008584841190247546189 0.2601200013949202527
9 -100.8 0.009209367173652801761 0.2693293685685730354
9 -86.4 0.009873131418797177761 0.279202499987370234
9 -72 0.01048279591056874328 0.2896852958979389547
9 -57.6 0.01075535468617410013 0.300440650584113067
9 -43.2 0.01158146723926408057 0.312022117823377132
9 -28.8 0.01176971279995750463 0.3237918306233346089
9 -14.4 0.01185206410178248071 0.3356438947251170757
16 0 0.02071760600694625212 0.3563615007320633521
16 14.4 0.01975680812043674461 0.3761183088525000828
16 28.8 0.01915126364614778628 0.3952695724986478587
16 43.2 0.01825726890024912882 0.4135268413988970049
16 57.6 0.01655275881030178822 0.4300796002091987758
16 72 0.01504090858549352559 0.4451205087946922823
16 86.4 0.01363784644135697041 0.4587583552360492423
16 100.8 0.01222369948827911439 0.4709820547243283584
16 115.2 0.01065078471863934589 0.4816328394429676973
16 129.6 0.009688613492968969898 0.4913214529359366534
16 144 0.008939506028542008875 0.5002609589644786414
16 158.4 0.008252542161144380689 0.5085135011256229909
16 172.8 0.008139045489063977817 0.5166525466146869583
16 -172.8 0.008199472412142220709 0.5248520190268292085
16 -158.4 0.008630799004309490027 0.533482818031138728
16 -144 0.009441951970111430933 0.5429247700012501676
16 -129.6 0.01062979224860891719 0.5535545622498591056
16 -115.2 0.01183097353609770426 0.5653855357859568498
16 -100.8 0.01332330272569075616 0.5787088385116475608
16 -86.4 0.01495865537932289727 0.5936674938909705102
16 -72 0.01646427653008007697 0.610131770421050601
16 -57.6 0.01770670704022211245 0.6278384774612727481
16 -43.2 0.01917951519459995188 0.6470179926558726757
16 -28.8 0.01993391982436169135 0.6669519124802343324
16 -14.4 0.02020858765653552741 0.6871605001367698806
25 0 0.02106295175807767345 0.7082234518948475888
25 14.4 0.02037422216890178578 0.7285976740637494231
25 28.8 0.01915165602876517728 0.7477493300925146524
25 43.2 0.01749859710952325967 0.7652479272020379364
25 57.6 0.01582076903755852068 0.781068696239596405
25 72 0.01340369211442877725 0.7944723883540252274
25 86.4 0.01153761848177061421 0.8060100068357958225
25 100.8 0.009656634309651588102 0.8156666411454474019
25 115.2 0.008000387281643364309 0.8236670284270907194
25 129.6 0.006401084780984040053 0.8300681132080747204
25 144 0.005560748358013627331 0.8356288615660883989
25 158.4 0.004913366087145334959 0.84054222765323372
25 172.8 0.004531136369979139183 0.8450733640232128696
25 -172.8 0.004903458426056207103 0.8499768224492690871
25 -158.4 0.005587234184687533446 0.8555640566339566266
25 -144 0.006548816836431823815 0.8621128734703884522
25 -129.6 0.00813531785419876162 0.8702481913245871947
25 -115.2 0.01004823216180799651 0.8802964234863951409
25 -100.8 0.01171988020754882384 0.8920163036939439127
25 -86.4 0.01402140044985686167 0.9060377041438008039
25 -72 0.01583474766830308272 0.9218724518121038658
25 -57.6 0.01762798527760800482 0.9395004370897118706
25 -43.2 0.01943686914378139896 0.9589373062334932696
25 -28.8 0.02029878661070832688 0.9792360928442015444
25 -14.4 0.02076390715579841048 1
