2 6 12 20 30 
1 25 25 25 25 
0 0 0.02033723640423469245 0.02033723640423469245
4 0 0.006524390940330370564 0.02686162734456506301
4 14.4 0.006696339761834565855 0.03355796710639962627
4 28.8 0.006423564502416717267 0.03998153160881634527
4 43.2 0.006550329691992803904 0.04653186130080914917
4 57.6 0.006285921771820901331 0.0528177830726300479
4 72 0.005996202650430011889 0.05881398572306006239
4 86.4 0.006260903427475521948 0.06507488915053558087
4 100.8 0.005864877260964885229 0.07093976641150046003
4 115.2 0.005673348865625175638 0.0766131152771256374
4 129.6 0.005675147843563053789 0.08228826312068869553
4 144 0.005432704188911761239 0.0877209673096004533
4 158.4 0.005280920654990296087 0.09300188796459074592
4 172.8 0.005572229570837914855 0.09857411753542866251
4 -172.8 0.00535007671385804174 0.1039241942492866999
4 -158.4 0.005434126636583571507 0.1093583208858702749
4 -144 0.005357649155875623091 0.1147159700417458988
4 -129.6 0.005380199135143448087 0.120096169176889353
4 -115.2 0.005741124313517339921 0.1258372934904067042
4 -100.8 0.005695396804538244324 0.1315326902949449372
4 -86.4 0.005859438490455020146 0.1373921287853999695
4 -72 0.006152086180581991387 0.1435442149659819644
4 -57.6 0.006261070774260441008 0.1498052857402424054
4 -43.2 0.006264041179692752571 0.156069326919935164
4 -28.8 0.006561751110063520145 0.1626310780299986825
4 -14.4 0.006532841952968776109 0.1691639199829674534
9 0 0.0163710757649599345 0.1855349957479273948
9 14.4 0.01606119135598631578 0.201596187103913721
9 28.8 0.01594534554412618821 0.2175415326480399092
9 43.2 0.0157078804563262342 0.2332494131043661434
9 57.6 0.01456460905845636568 0.2478140221628225004
9 72 0.01398881060824657373 0.2618028327710690828
9 86.4 0.01358947934273378733 0.275392312113802884
9 100.8 0.0125855659800051551 0.2879778780938080374
9 115.2 0.01197010634176957737 0.2999479844355776303
9 129.6 0.01167511579665374277 0.311623100232231387
9 144 0.01093757667881980859 0.3225606769110511696
9 158.4 0.01047243629013765512 0.3330331132011888351
9 172.8 0.01076073296385673429 0.3437938461650455468
9 -172.8 0.01056661069335078015 0.3543604568583963443
9 -158.4 0.0105577413137500787 0.3649181981721464352
9 -144 0.01136288853269125723 0.3762810867048376751
9 -129.6 0.01164695970009113277 0.3879280464049287835
9 -115.2 0.01190207987370003363 0.3998301262786287946
9 -100.8 0.01287260755283734133 0.412702733831466162
9 -86.4 0.01375640776069041518 0.4264591415921565876
9 -72 0.01420016959759917534 0.4406593111897557646
9 -57.6 0.0150679045141000334 0.4557272157038557703
9 -43.2 0.01577373141619183017 0.4715009471200475866
9 -28.8 0.01556454793504317459 0.4870654950550907802
9 -14.4 0.01596237307949168946 0.5030278681345824454
16 0 0.01857704108376120877 0.5216049092183436819
16 14.4 0.01846872587722243192 0.5400736350955661624
16 28.8 0.01790413966160220999 0.5579777747571683655
16 43.2 0.01710418019299351708 0.5750819549501618999
16 57.6 0.0159955077429056354 0.5910774626930674902
16 72 0.01487901183062279725 0.6059564745236902805
16 86.4 0.01388229437964567763 0.6198387689033360015
16 100.8 0.01280265659674123015 0.6326414255000771814
16 115.2 0.01134832936240331124 0.6439897548624804458
16 129.6 0.0107126625998887736 0.654702417462369235
16 144 0.009733181867758303185 0.6644355993301275243
16 158.4 0.009041663115777073823 0.6734772624459045565
16 172.8 0.008826873517333633234 0.6823041359632382452
16 -172.8 0.009025137620766329749 0.6913292735840045333
16 -158.4 0.009325232242822193915 0.7006545058268267567
16 -144 0.009382883210226762929 0.7100373890370534902
16 -129.6 0.01053360154002552264 0.7205709905770789625
16 -115.2 0.01148153740319877471 0.7320525279802777563
16 -100.8 0.01249448749231302919 0.7445470154725908341
16 -86.4 0.0138566903215530824 0.7584037057941439564
16 -72 0.01497243317330378652 0.7733761389674477238
16 -57.6 0.01616687085066261659 0.7895430098181103196
16 -43.2 0.01702971087370459477 0.8065727206918149594
16 -28.8 0.01793819473233320902 0.8245109154241481164
16 -14.4 0.0180329548492935525 0.8425438702734416863
25 0 0.009370583221535222496 0.8519144534949769643
25 14.4 0.008962675433295342123 0.8608771289282722838
25 28.8 0.008744036858798764911 0.8696211657870710487
25 43.2 0.008489335052152161692 0.8781105008392232625
25 57.6 0.007698747003498928286 0.8858092478427221916
25 72 0.007040446588324106129 0.8928496944310463368
25 86.4 0.006504811366494856265 0.8993545057975411705
25 100.8 0.005775555914514409438 0.9051300617120555669
25 115.2 0.005124033044128803102 0.910254094756184351
25 129.6 0.00433256642485474637 0.9145866611810391511
25 144 0.004193166553017281181 0.9187798277340564201
25 158.4 0.003949802491048934674 0.9227296302251053461
25 172.8 0.003358942830196438682 0.9260885730553017892
25 -172.8 0.003575824263451365774 0.9296643973187531662
25 -158.4 0.003896795396925864779 0.9335611927156790557
25 -144 0.00396967492175805646 0.9375308676374370931
25 -129.6 0.004619022283939716762 0.9421498899213768263
25 -115.2 0.005107925916080356676 0.9472578158374571622
25 -100.8 0.005474331701660343358 0.9527321475391175021
25 -86.4 0.006469124664610894672 0.9592012722037284167
25 -72 0.007052955760496795387 0.9662542279642252208
25 -57.6 0.007596665464698383781 0.9738508934289236141
25 -43.2 0.00859329924228304301 0.9824441926712066397
25 -28.8 0.008690109357358642359 0.9911343020285652283
25 -14.4 0.008865697971434823715 1
