2 6 12 20 30 
1 25 25 25 25 
0 0 0.02796136095706146588 0.02796136095706146588
4 0 0.007809315198645731641 0.03577067615570719838
4 14.4 0.008033112050567314463 0.04380378820627451458
4 28.8 0.007683300355871424889 0.05148708856214594121
4 43.2 0.007961375539299779883 0.05944846410144571935
4 57.6 0.007841234098069117808 0.06728969819951483022
4 72 0.007673902913401595485 0.07496360111291643091
4 86.4 0.007878702349295807136 0.08284230346221223285
4 100.8 0.007624525834217448644 0.09046682929642968496
4 115.2 0.007657011820686427696 0.09812384111711611179
4 129.6 0.007750014096163704985 0.1058738552132798133
4 144 0.007504141355681531733 0.113377996568961345
4 158.4 0.007616910665319483707 0.1209949072342808296
4 172.8 0.007615573960140585574 0.1286104811944214221
4 -172.8 0.007485184445871703902 0.1360956656402931286
4 -158.4 0.007740171085300909248 0.143835836725594024
4 -144 0.007532941276354155301 0.1513687780019481732
4 -129.6 0.00746501234953560449 0.158833790351483789
4 -115.2 0.007961375539299779883 0.166795165890783581
4 -100.8 0.00750892108935153138 0.1743040869801351089
4 -86.4 0.007621285336814059494 0.1819253723169491632
4 -72 0.007930266764227242304 0.1898556390811764194
4 -57.6 0.007823613893438186376 0.197679252974614611
4 -43.2 0.007701082585372524478 0.2053803355599871372
4 -28.8 0.008070134733401037458 0.2134504702933881781
4 -14.4 0.007787158297650056266 0.2212376285910382379
9 0 0.01565581510499535617 0.236893443696033601
9 14.4 0.01530709707817311076 0.2522005407742067273
9 28.8 0.0156451214635641711 0.2678456622377708984
9 43.2 0.01582112097878575832 0.2836667832165566394
9 57.6 0.01514786713701406391 0.2988146503535706877
9 72 0.01544340050020317871 0.3142580508537738404
9 86.4 0.01553842808655757357 0.3297964789403314279
9 100.8 0.0147882124314553786 0.3445846913717868221
9 115.2 0.01499604983366526791 0.3595807412054520813
9 129.6 0.01521283910995202202 0.3747935803154041068
9 144 0.01471558478340191309 0.3895091650988060095
9 158.4 0.01448870945894711014 0.4039978745577531005
9 172.8 0.01503404466572000851 0.4190319192234731038
9 -172.8 0.01463469386696980394 0.4336666130904429095
9 -158.4 0.01449365121748727968 0.4481602643079302117
9 -144 0.01521907706745354548 0.4633793413753837798
9 -129.6 0.01489522985820231418 0.4782745712335860766
9 -115.2 0.0148230072723242734 0.49309757850591035
9 -100.8 0.01530993251340107691 0.5084075110193114755
9 -86.4 0.01532969954756175333 0.5237372105668732791
9 -72 0.01525541114458904904 0.5389926217114623386
9 -57.6 0.01554430148810121738 0.5545369231995636028
9 -43.2 0.01568279224587857193 0.5702197154454421435
9 -28.8 0.01542501067743894463 0.5856447261228810985
9 -14.4 0.0156229645625684966 0.6012676906854496073
16 0 0.01235249255819771338 0.6136201832436473103
16 14.4 0.01211933877002384363 0.6257395220136711123
16 28.8 0.0122570599096678938 0.6379965819233389679
16 43.2 0.0124977073480871028 0.6504942892714260516
16 57.6 0.01216320700362222805 0.66265749627504833
16 72 0.01222376379884806789 0.6748812600738963718
16 86.4 0.01233009261989678404 0.6872113526937931871
16 100.8 0.01200652895416834919 0.6992178816479615033
16 115.2 0.01188055461761158491 0.7110984362655731195
16 129.6 0.01202301498470809311 0.7231214512502812664
16 144 0.01162374519839297175 0.7347451964486741982
16 158.4 0.0116870159101941512 0.7464322123588683633
16 172.8 0.01171022597284592827 0.7581424383317142413
16 -172.8 0.01165189701958491836 0.7697943353512991527
16 -158.4 0.01173380059145558672 0.7815281359427547203
16 -144 0.01158951744456967158 0.7931176533873244283
16 -129.6 0.0120044226308561458 0.8051220760181805325
16 -115.2 0.01181501555762803392 0.8169370915758085161
16 -100.8 0.01196270122678750637 0.8288997928025960693
16 -86.4 0.01238331778974745452 0.8412831105923435082
16 -72 0.01211759700266952164 0.853400707595013075
16 -57.6 0.01224960676564009789 0.8656503143606532058
16 -43.2 0.01257527675468073612 0.8782255911153339367
16 -28.8 0.01219869045018934228 0.8904242815655232235
16 -14.4 0.01210297425813672625 0.9025272558236600018
25 0 0.003953123288612308758 0.9064803791122723053
25 14.4 0.003769022529882246932 0.9102494016421545098
25 28.8 0.003801386997698598565 0.9140507886398531179
25 43.2 0.004101173513729663468 0.9181519621535827458
25 57.6 0.003910591760192822473 0.9220625539137755622
25 72 0.003980505491670949247 0.9260430594054465114
25 86.4 0.004057831860959329462 0.930100891266405827
25 100.8 0.003929467657567566226 0.9340303589239733473
25 115.2 0.00386510327789274348 0.937895462201866037
25 129.6 0.003922257550845024282 0.9418177197527111133
25 144 0.003891270294425113255 0.9457089900471362665
25 158.4 0.003762784572380722167 0.9494717746195170394
25 172.8 0.003898520907365196804 0.9533702955268822388
25 -172.8 0.003856921021949185225 0.9572272165488314721
25 -158.4 0.003777407316913517117 0.9610046238657450335
25 -144 0.003873042496531047332 0.9648776663622761207
25 -129.6 0.003917518323392567108 0.9687951846856687199
25 -115.2 0.00386469821571731962 0.9726598829013860525
25 -100.8 0.003922500588150279119 0.9765823834895362987
25 -86.4 0.004047988850096534592 0.9806303723396327943
25 -72 0.003898723438452908734 0.9845290957780856722
25 -57.6 0.003930196769483329002 0.988459292547569035
25 -43.2 0.004079219143821700456 0.9925385116913907346
25 -28.8 0.003776678204997754341 0.9963151898963884534
25 -14.4 0.003684810103611664122 1.000000000000000222
