2 6 12 20 30 
1 25 25 25 25 
0 0 0.03591263529827914275 0.03591263529827914275
4 0 0.009456461318039463895 0.04536909661631860491
4 14.4 0.009793480334712906937 0.05516257695103150838
4 28.8 0.009373686130095298247 0.06453626308112681009
4 43.2 0.009649831564973228998 0.07418609464610004256
4 57.6 0.009564358936565903191 0.08375045358266594575
4 72 0.009298560400180993363 0.09304901398284694258
4 86.4 0.009614805099257555873 0.1026638190821044933
4 100.8 0.009250892198563342994 0.1119147112806678362
4 115.2 0.009227219138976198651 0.1211419304196440366
4 129.6 0.009396835805711978989 0.1305387662253560122
4 144 0.009160870155643522153 0.1396996363809995256
4 158.4 0.009241712848927512505 0.1489413492299270503
4 172.8 0.009264580702406249174 0.158205929932333289
4 -172.8 0.009156441522047288617 0.1673623714543805707
4 -158.4 0.009400781315643170002 0.1767631527700237459
4 -144 0.009201049940452996068 0.1859642027104767559
4 -129.6 0.009080269024192054797 0.1950444717346688228
4 -115.2 0.009643510697022239508 0.2046879824316910623
4 -100.8 0.009107042127296563136 0.2137950245589876341
4 -86.4 0.009206243519852216201 0.2230012680788398538
4 -72 0.009686468442905714002 0.2326877365217455695
4 -57.6 0.009479329171518200564 0.2421670656932637666
4 -43.2 0.009361809339996305865 0.2515288750332600465
4 -28.8 0.009881771184499654401 0.2614106462177597234
4 -14.4 0.009524581754810633114 0.2709352279725703583
9 0 0.01687647586730863652 0.287811703839878974
9 14.4 0.01641042257176308916 0.3042221264116420354
9 28.8 0.01684410658175070422 0.3210662329933927639
9 43.2 0.01694753530637549063 0.338013768299768258
9 57.6 0.01607312173295170205 0.3540868900327199809
9 72 0.01652448001701883537 0.3706113700497388197
9 86.4 0.0166419998485407318 0.3872533698982795758
9 100.8 0.0155550521228031112 0.4028084220210826905
9 115.2 0.01608580372915910037 0.4188942257502417665
9 129.6 0.01638075072666831875 0.4352749764769101026
9 144 0.01556169507319746237 0.4508366715501075372
9 158.4 0.01558448240606536035 0.4664211539561728959
9 172.8 0.01624153059052487261 0.4826626845466977511
9 -172.8 0.01552465559221077353 0.4981873401389085299
9 -158.4 0.01545287146764635564 0.5136402116065549306
9 -144 0.01641686422063034015 0.5300570758271853089
9 -129.6 0.01582926506302086492 0.5458863408902061565
9 -115.2 0.01573658583994330326 0.5616229267301494632
9 -100.8 0.01645821155429700103 0.5780811382844465163
9 -86.4 0.01625352816154012822 0.594334666445986648
9 -72 0.01615609822242296961 0.610490764668409569
9 -57.6 0.01670311499216876536 0.6271938796605783795
9 -43.2 0.01673387386550988579 0.6439277535260882201
9 -28.8 0.01655974804456702976 0.6604875015706552777
9 -14.4 0.01695482242165656517 0.6774423239923118567
16 0 0.01076045235029799221 0.6882027763426098455
16 14.4 0.01059997477289262302 0.6988027511155024962
16 28.8 0.01065396384246126461 0.7094567149579638077
16 43.2 0.01074873660142068067 0.7202054515593845352
16 57.6 0.01042806326874788636 0.7306335148281324354
16 72 0.01039810960151517187 0.7410316244296476507
16 86.4 0.01057102761329541812 0.7516026520429430757
16 100.8 0.01018126759652136434 0.7617839196394644574
16 115.2 0.01015187757356453627 0.7719357972130289625
16 129.6 0.01037685216025324708 0.782312649373282154
16 144 0.009898519471554503499 0.7922111688448366662
16 158.4 0.01005807106193520525 0.8022692399067719027
16 172.8 0.01012888893916953637 0.8123981288459414252
16 -172.8 0.009971752967114054164 0.8223698818130554811
16 -158.4 0.01011455627043990509 0.8324844380834953705
16 -144 0.009903753311259144709 0.8423881913947545153
16 -129.6 0.01037721450300202984 0.8527654058977565121
16 -115.2 0.01006258021614228094 0.8628279861138987705
16 -100.8 0.01022925788058237813 0.8730572439944811469
16 -86.4 0.0106762680516641166 0.8837335120461452531
16 -72 0.01020872512481801886 0.8939422371709633275
16 -57.6 0.01050057207880986977 0.9044428092497731608
16 -43.2 0.01092411049183156582 0.9153669197416047787
16 -28.8 0.01053318292620032334 0.9259001026678050916
16 -14.4 0.01063459863555409231 0.9365347013033591406
25 0 0.002584228484319074041 0.9391189297876781916
25 14.4 0.002455918890944535238 0.9415748486786227334
25 28.8 0.002486154380315190766 0.9440610030589379198
25 43.2 0.002653355428725751985 0.9467143584876637208
25 57.6 0.002489657026886757732 0.9492040155145504698
25 72 0.002553912474337578092 0.9517579279888880306
25 86.4 0.002613014602694598097 0.9543709425915826161
25 100.8 0.002536600543006843449 0.9569075431345894778
25 115.2 0.002533339458267797745 0.9594408825928573137
25 129.6 0.002578189438506026891 0.962019072031363387
25 144 0.002588657117915308444 0.9646077291492787253
25 158.4 0.002506526094857869195 0.9671142552441366336
25 172.8 0.002581007659885448981 0.9696952629040220817
25 -172.8 0.002563413906416771998 0.972258676810438871
25 -158.4 0.0025062845330253475 0.9747649613434642424
25 -144 0.002585073950732900624 0.9773500352941971725
25 -129.6 0.002535312213233393251 0.9798853475074306152
25 -115.2 0.002506928697912072165 0.9823922762053426405
25 -100.8 0.002562608700308365624 0.9849548849056509736
25 -86.4 0.002566071086574512813 0.9875209559922254465
25 -72 0.002490099890246381346 0.9900110558824718465
25 -57.6 0.002506324793330767711 0.9925173806758026407
25 -43.2 0.002636969484419684345 0.9951543501602223563
25 -28.8 0.002426045744322662904 0.9975803959045450586
25 -14.4 0.002419604095455412784 1.000000000000000444
