2 6 12 20 30 
1 25 25 25 25 
0 0 0.02609689760234343292 0.02609689760234343292
4 0 0.009312141812486175035 0.03540903941482960449
4 14.4 0.009008695962368093793 0.04441773537719769654
4 28.8 0.009012022915498671405 0.05342975829269636795
4 43.2 0.008843503497898450721 0.06227326179059482214
4 57.6 0.008407071937922011226 0.07068033372851682816
4 72 0.007961722295248330195 0.07864205602376515836
4 86.4 0.007289123270683262913 0.0859311792944484204
4 100.8 0.006877551443821416227 0.0928087307382698401
4 115.2 0.006601506749348229341 0.09941023748761806944
4 129.6 0.006307210020339235231 0.1057174475079573073
4 144 0.005282000171615332425 0.1109994476795726354
4 158.4 0.005137046672023369391 0.1161364943515960091
4 172.8 0.005611414739224864813 0.12174790909082088
4 -172.8 0.004920517472441622402 0.1266684265632624928
4 -158.4 0.005263655721714787655 0.1319320822849772701
4 -144 0.005663721835666720751 0.137595804120643983
4 -129.6 0.005361800839066821131 0.142957604959710799
4 -115.2 0.006154863291568211416 0.1491124682512790234
4 -100.8 0.006360533685793212828 0.1554730019370722249
4 -86.4 0.007026525011779493658 0.1624995269488517247
4 -72 0.007619554407304916961 0.1701190813561566373
4 -57.6 0.008089163083222392428 0.178208244439379021
4 -43.2 0.008583169415430769514 0.1867914138548097958
4 -28.8 0.008988965281996474585 0.1957803791368062651
4 -14.4 0.008934255386071423416 0.204714634522877692
9 0 0.02337766791028482796 0.2280923024331625304
9 14.4 0.0217919126667409993 0.2498842150999035228
9 28.8 0.02160782126018238186 0.2714920363600858977
9 43.2 0.02131116793937256476 0.2928032042994584416
9 57.6 0.01810869830509758902 0.3109119026045560341
9 72 0.01697545489499465918 0.327887357499550669
9 86.4 0.01490613625545787746 0.3427934937550085603
9 100.8 0.01184658698275062663 0.3546400807377592113
9 115.2 0.01077489220556337654 0.3654149729433225913
9 129.6 0.009195374999139381555 0.374610347942461952
9 144 0.007579677177420356994 0.3821900251198823151
9 158.4 0.006972693061819456098 0.3891627181817017833
9 172.8 0.007143106994396810315 0.3963058251760985806
9 -172.8 0.006465933409277199902 0.4027717585853757831
9 -158.4 0.006985169136059121708 0.4097569277214349048
9 -144 0.008368719561555633749 0.4181256472829905646
9 -129.6 0.009452705582253070893 0.4275783528652436494
9 -115.2 0.01046506969527835618 0.4380434225605219778
9 -100.8 0.01312057899334992915 0.4511640015538719295
9 -86.4 0.01518943555606301794 0.4663534371099349318
9 -72 0.01629578609502711425 0.4826492232049620634
9 -57.6 0.01922304277311154622 0.5018722659780736617
9 -43.2 0.02111469287393901925 0.5229869588520126289
9 -28.8 0.02135090654621001754 0.5443378653982225979
9 -14.4 0.02208029481240674288 0.5664181602106292956
16 0 0.02184833224691370632 0.5882664924575430332
16 14.4 0.02204965911899601019 0.6103161515765390677
16 28.8 0.02122831756488471194 0.6315444691414238143
16 43.2 0.01950398548191585937 0.6510484546233397118
16 57.6 0.01708117807225522852 0.6681296326955948883
16 72 0.01450265077301062834 0.6826322834686054941
16 86.4 0.01229027314885901973 0.694922556617464493
16 100.8 0.01050305241018578174 0.70542560902765028
16 115.2 0.007355338879518227672 0.712780947907168505
16 129.6 0.005708497079882408724 0.7184894449870509181
16 144 0.004790997338760948944 0.7232804423258119009
16 158.4 0.004259193122374623983 0.7275396354481865613
16 172.8 0.003646848915618903456 0.7311864843638055111
16 -172.8 0.003896601438824055189 0.7350830858026295989
16 -158.4 0.004430161547140407802 0.7395132473497699754
16 -144 0.004361727969551724635 0.743874975319321674
16 -129.6 0.005896562347124770925 0.7497715376664464415
16 -115.2 0.007531343941662246681 0.7573028816081086578
16 -100.8 0.009701949820952161796 0.7670048314290608404
16 -86.4 0.01205766367581281515 0.7790624951048736868
16 -72 0.01508583793219142773 0.7941483330370651128
16 -57.6 0.01729895487926094363 0.8114472879163260322
16 -43.2 0.0192757195310123558 0.8307230074473384018
16 -28.8 0.02126098639631968795 0.8519839938436580828
16 -14.4 0.02185660342205778331 0.8738405972657158349
25 0 0.008473472377486452808 0.8823140696432022478
25 14.4 0.008339377683251235351 0.8906534473264534624
25 28.8 0.008080291208207518797 0.8987337385346609864
25 43.2 0.007143430448173394322 0.9058771689828344353
25 57.6 0.006689671007308530849 0.9125668399901429861
25 72 0.005131178296362489365 0.9176980182865054347
25 86.4 0.004764658959810545019 0.9224626772463160318
25 100.8 0.004131752334400561749 0.9265944295807165831
25 115.2 0.003863054661424066439 0.9304574842421406977
25 129.6 0.00240714300533749568 0.9328646272474782064
25 144 0.003378243658007146558 0.9362428709054853027
25 158.4 0.003695829058930182216 0.9399386999644154805
25 172.8 0.002510324760067764345 0.9424490247244832197
25 -172.8 0.002739792110712867702 0.9451888168351960662
25 -158.4 0.003356248801199440603 0.9485450656363955124
25 -144 0.002787986723423870831 0.9513330523598193533
25 -129.6 0.002825692192237081596 0.9541587445520564037
25 -115.2 0.003552215582126923982 0.9577109601341833311
25 -100.8 0.003602166086767954328 0.9613131262209513306
25 -86.4 0.004582970352735122807 0.965896096573686469
25 -72 0.005586185344651320092 0.9714822819183377423
25 -57.6 0.005848922226602197398 0.9773312041449399024
25 -43.2 0.007129984012603976691 0.9844611881575439094
25 -28.8 0.007690714238153378499 0.9921519023956972827
25 -14.4 0.007848097604302637503 0.999999999999999889
