2 6 12 20 30 
1 25 25 25 25 
0 0 0.01169222301484915301 0.01169222301484915301
4 0 0.00394496528748015246 0.01563718830232930374
4 14.4 0.003908569152890534193 0.01954575745521983793
4 28.8 0.003779468541294584479 0.02332522599651442111
4 43.2 0.003891052045533208159 0.02721627804204762927
4 57.6 0.003709541000128208435 0.03092581904217583944
4 72 0.003620828357238157873 0.03454664739941399471
4 86.4 0.003624444489319965292 0.0381710918887339587
4 100.8 0.003491399006362044203 0.04166249089509600073
4 115.2 0.00347411671277626441 0.04513660760787226167
4 129.6 0.003438378056746974488 0.04857498566461923573
4 144 0.003295282544366888011 0.05187026820898612417
4 158.4 0.003338957905874430192 0.05520922611486055176
4 172.8 0.00335060466894310802 0.05855983078380366108
4 -172.8 0.003249446896161123626 0.06180927767996478167
4 -158.4 0.003373193753765825822 0.0651824714337306127
4 -144 0.003336468879896043165 0.06851894031362665283
4 -129.6 0.003362157506503167265 0.07188109782012981619
4 -115.2 0.003517228521232095961 0.07539832634136191258
4 -100.8 0.003469279549082418014 0.07886760589044433667
4 -86.4 0.003585042738454558876 0.08245264862889889468
4 -72 0.003690849823913152934 0.08614349845281205065
4 -57.6 0.00376721126241988738 0.08991070971523193456
4 -43.2 0.00372935928244668433 0.09364006899767861325
4 -28.8 0.003865316456171774551 0.0975053854538503878
4 -14.4 0.003891897375110773237 0.101397282828961155
9 0 0.01177365643082128009 0.1131709392597824299
9 14.4 0.01163450578980316542 0.1248054450495856005
9 28.8 0.01128463327019973809 0.1360900783197853403
9 43.2 0.01100882101414189448 0.1470988993339272244
9 57.6 0.01049049309483142053 0.1575893924287586345
9 72 0.01005566495268267642 0.1676450573814413092
9 86.4 0.009576175231185899556 0.1772212326126272053
9 100.8 0.009299423720041872718 0.1865206563326690659
9 115.2 0.008918508819840072904 0.1954391651525091422
9 129.6 0.008715723646733012503 0.2041548887992421513
9 144 0.008531300910560844081 0.2126861897098029919
9 158.4 0.008198194094245794122 0.2208843838040487895
9 172.8 0.008350400380961863628 0.2292347841850106427
9 -172.8 0.008347441727440384554 0.2375822259124510394
9 -158.4 0.008242526934313664649 0.2458247528467646936
9 -144 0.008478420849208700288 0.2543031736959733835
9 -129.6 0.008758318864891442498 0.2630614925608648069
9 -115.2 0.008901085637991365887 0.2719625781988561641
9 -100.8 0.009185914742876572642 0.2811484929417327194
9 -86.4 0.009734251862190615098 0.2908827448039233432
9 -72 0.01014738321184851556 0.3010301280157718362
9 -57.6 0.0104655558722932425 0.3114956838880650891
9 -43.2 0.01106433098973534992 0.3225600148778004495
9 -28.8 0.01143017084580390079 0.3339901857236043381
9 -14.4 0.01149164509119462475 0.3454818308147989403
16 0 0.01965649562988089696 0.3651383264446798615
16 14.4 0.01898474039224231497 0.3841230668369221557
16 28.8 0.01846692906322924474 0.4025899959001513762
16 43.2 0.01739739929659186654 0.4199873951967432184
16 57.6 0.01576051249514522426 0.4357479076918884253
16 72 0.01469337782897761624 0.4504412855208660416
16 86.4 0.01376393795844453767 0.4642052234793105914
16 100.8 0.01293682992955117253 0.4771420534088617882
16 115.2 0.01219519411350052443 0.4893372475223622953
16 129.6 0.01164117450091506877 0.5009784220232773588
16 144 0.01131680275690152837 0.5122952247801788594
16 158.4 0.01091311092085977576 0.5232083357010386404
16 172.8 0.01088004914182610916 0.5340883848428648051
16 -172.8 0.01090587865669616005 0.544994263499560927
16 -158.4 0.01099703336281028856 0.5559912968623712537
16 -144 0.01113721718442320548 0.5671285140467944297
16 -129.6 0.01173876310436955568 0.5788672771511640391
16 -115.2 0.01223126150880997874 0.591098538659973971
16 -100.8 0.01284689625504908256 0.6039454349150230605
16 -86.4 0.01385589103138192175 0.6178013259464050222
16 -72 0.01465937679485776642 0.6324607027412627591
16 -57.6 0.01584776929265169221 0.6483084720339145068
16 -43.2 0.0174111593836044562 0.6657196314175189977
16 -28.8 0.01833115974052139038 0.6840507911580403499
16 -14.4 0.01894829729489838979 0.7029990884529387918
25 0 0.01678843326146466433 0.719787521714403411
25 14.4 0.0165632938173064341 0.7363508155317098902
25 28.8 0.01596127826981699055 0.7523120938015268599
25 43.2 0.01516535350978492382 0.7674774473113117335
25 57.6 0.0135905514695350265 0.7810679987808467617
25 72 0.01236937896923329117 0.7934373777500800529
25 86.4 0.01141932244955847983 0.8048567001996385084
25 100.8 0.01051115670672746194 0.8153678569063659287
25 115.2 0.009852363189278215763 0.825220220095644108
25 129.6 0.009212166922535406505 0.8344323870181795666
25 144 0.008738641470835894695 0.8431710284890154838
25 158.4 0.008517493860793942315 0.8516885223498094071
25 172.8 0.00820082400848710924 0.8598893463582965024
25 -172.8 0.008260044041670990683 0.8681493903999675243
25 -158.4 0.0085117644047682222 0.8766611548047357205
25 -144 0.008731080467392116767 0.8853922352721278477
25 -129.6 0.009209443082785474105 0.8946016783549133322
25 -115.2 0.009896038550785756643 0.904497716905699134
25 -100.8 0.0104451740369230564 0.9149428909426221557
25 -86.4 0.01130496814281561381 0.9262478590854377192
25 -72 0.01242451324279227401 0.9386723723282299758
25 -57.6 0.01358402364668604909 0.95225639597491607
25 -43.2 0.01511632439428613542 0.9673727203692021881
25 -28.8 0.01621384396249178628 0.9835865643316940021
25 -14.4 0.0164134356683058244 0.999999999999999778
