2 6 12 20 30 
1 25 25 25 25 
0 0 0.02060411656144951059 0.02060411656144951059
4 0 0.006574793950542823923 0.02717891051199233451
4 14.4 0.006520401304959166748 0.03369931181695150213
4 28.8 0.006258885444942619697 0.03995819726189411836
4 43.2 0.006431515762176116986 0.04638971302407023795
4 57.6 0.00622928456922102608 0.05261899759329126403
4 72 0.006020171379949710092 0.05863916897324097238
4 86.4 0.006119753037489301939 0.06475892201073027432
4 100.8 0.005876229866636861407 0.07063515187736713052
4 115.2 0.005883650814471826605 0.076518802691838958
4 129.6 0.00579327279055995726 0.08231207548239891092
4 144 0.005674164504918305721 0.08798623998731722184
4 158.4 0.005639174114009306606 0.09362541410132653452
4 172.8 0.00575848968869662782 0.09938390379002316755
4 -172.8 0.005633287105112295447 0.1050171908951354621
4 -158.4 0.005651113963039865878 0.1106683048581753315
4 -144 0.005658451995256563033 0.116326756853431898
4 -129.6 0.005691493869136269625 0.1220182507225681667
4 -115.2 0.005932239366776739797 0.1279504900893448927
4 -100.8 0.005738838687167166497 0.133689328776512073
4 -86.4 0.006001556823648595412 0.139690885600160658
4 -72 0.00618865591626981907 0.1458795415164304832
4 -57.6 0.006271281329873651909 0.152150822846304129
4 -43.2 0.006216349732771253751 0.1583671725790753715
4 -28.8 0.006519986726867827397 0.1648871593059431928
4 -14.4 0.006286040309925314262 0.171173199615868521
9 0 0.01551612401987520484 0.1866893236357437258
9 14.4 0.01504333916451238047 0.2017326628002561184
9 28.8 0.0150970684851498959 0.2168297312854060022
9 43.2 0.01498451053335139727 0.2318142418187573994
9 57.6 0.01418192880632851774 0.2459961706250859137
9 72 0.01398815500643673868 0.2599843256315226281
9 86.4 0.01358431448766356589 0.2735686401191861905
9 100.8 0.01289478820614878979 0.2864634283253350011
9 115.2 0.012570132102821336 0.2990335604281563198
9 129.6 0.01237532185770121029 0.3114088822858575023
9 144 0.01191082856416516254 0.3233197108500226458
9 158.4 0.01159263987906259535 0.3349123507290852619
9 172.8 0.01187820126837679617 0.3467905519974620598
9 -172.8 0.01151362129485341071 0.3583041732923154532
9 -158.4 0.01160383348752874397 0.3699080067798442006
9 -144 0.0122450614214025446 0.3821530682012467262
9 -129.6 0.01240956600804580048 0.3945626342092925509
9 -115.2 0.01243021199699447486 0.4069928462062870067
9 -100.8 0.01320393908886017056 0.4201967852951472016
9 -86.4 0.01385764582328326971 0.4340544311184304505
9 -72 0.01368256949531087251 0.4477370006137413316
9 -57.6 0.01429531591430969334 0.4620323165280510458
9 -43.2 0.01492066550728521519 0.4769529820353362592
9 -28.8 0.01501734511818543505 0.4919703271535216804
9 -14.4 0.01508985482636059951 0.5070601819798822296
16 0 0.01689322806587546452 0.5239534100457576837
16 14.4 0.01653648361827838448 0.5404898936640361029
16 28.8 0.01624781289327914199 0.5567377065573152484
16 43.2 0.01592191305567767015 0.5726596196129929428
16 57.6 0.01476428665123220157 0.5874239062642251374
16 72 0.01449186738741344189 0.6019157736516386192
16 86.4 0.01371988152353136904 0.615635655175169938
16 100.8 0.01294847606897717163 0.6285841312441471374
16 115.2 0.01207019238247581706 0.6406543236266230013
16 129.6 0.01157319616657880371 0.6522275197932018154
16 144 0.01109891883008715975 0.6633264386232889942
16 158.4 0.01077409689552316988 0.6741005355188122161
16 172.8 0.01066858677127743328 0.6847691222900896824
16 -172.8 0.01068384324503870303 0.6954529655351283646
16 -158.4 0.01073678486730267334 0.7061897504024310379
16 -144 0.01102234625661687416 0.7172120966590479485
16 -129.6 0.01172675589161071424 0.7289388525506587113
16 -115.2 0.01198972277494694642 0.7409285753256056317
16 -100.8 0.01287613219203854152 0.753804707517644168
16 -86.4 0.01363431260547903062 0.7674390201231231501
16 -72 0.01439294905481999266 0.7818319691779431757
16 -57.6 0.01501568680582007938 0.7968476559837632811
16 -43.2 0.01578033463748545334 0.8126279906212486859
16 -28.8 0.01649195793126859155 0.8291199485525172497
16 -14.4 0.01646339350077534458 0.8455833420532925526
25 0 0.008397818191587148526 0.853981160244879689
25 14.4 0.007947627842202291057 0.861928788087081954
25 28.8 0.007587608227683634125 0.8695163963147656272
25 43.2 0.007660864176423209243 0.877177260491188826
25 57.6 0.007191976355118969919 0.8843692368463077491
25 72 0.006440636480185571444 0.8908098733264933067
25 86.4 0.006097365820557003845 0.8969072391470502836
25 100.8 0.005742569889989216324 0.9026498090370395078
25 115.2 0.005464014870418642221 0.9081138239074580953
25 129.6 0.004941107523812950618 0.9130549314312710329
25 144 0.004940734403530745722 0.917995665834801744
25 158.4 0.004692236295582239043 0.9226879021303839856
25 172.8 0.004432876241640655059 0.9271207783720246676
25 -172.8 0.00451562602867188953 0.9316364044006965051
25 -158.4 0.004687012611631369632 0.9363234170123279076
25 -144 0.004657245904673239928 0.9409806629170011094
25 -129.6 0.005027588513666234916 0.9460082514306673573
25 -115.2 0.005461320112824939906 0.9514695715434923207
25 -100.8 0.005658161790592626181 0.9571277333340849625
25 -86.4 0.006184883255638634787 0.9633126165897235582
25 -72 0.006621309612391042959 0.9699339262021146046
25 -57.6 0.006874243705916874801 0.9768081699080314317
25 -43.2 0.007622474245165231609 0.9844306441531966989
25 -28.8 0.007638228212636107885 0.9920688723658328545
25 -14.4 0.007931127634167004989 0.999999999999999889
