2 6 12 20 30 
1 25 25 25 25 
0 0 0.03495982957169730537 0.03495982957169730537
4 0 0.009592672497486940536 0.04455250206918424938
4 14.4 0.009718943609793967778 0.05427144567897821542
4 28.8 0.009328820597003333742 0.06360026627598154569
4 43.2 0.009551001003601990169 0.0731512672795835428
4 57.6 0.009415365966112643203 0.08256663324569618601
4 72 0.00908892575185630755 0.09165555899755249702
4 86.4 0.009348318640348334679 0.1010038776379008352
4 100.8 0.009136150742494408838 0.110140028380395244
4 115.2 0.009060063783328986889 0.1192000921637242361
4 129.6 0.009112761197774937524 0.1283128533614991684
4 144 0.008914537846512861699 0.1372273912080120284
4 158.4 0.008930184924956044781 0.1461575761329680645
4 172.8 0.009034079904359868657 0.1551916560373279297
4 -172.8 0.008880284527122995 0.1640719405644509299
4 -158.4 0.009004204524016278313 0.1730761450884672203
4 -144 0.00901993267540476297 0.1820960777638719885
4 -129.6 0.008831519150524165529 0.1909275969143961471
4 -115.2 0.009281311851056676943 0.200208908765452831
4 -100.8 0.008860300046106184615 0.2090692088115590208
4 -86.4 0.009060104319801637676 0.2181293131313606637
4 -72 0.009467698552304738488 0.22759701168366539
4 -57.6 0.00936323606228380359 0.236960247745949204
4 -43.2 0.0093168623375713671 0.2462771100835205729
4 -28.8 0.009712619920060453632 0.2559897300035810508
4 -14.4 0.009403164487844773572 0.2653928944914258348
9 0 0.01726942915160973105 0.2826623236430355623
9 14.4 0.01665031560481511699 0.2993126392478506759
9 28.8 0.01717173625252146896 0.3164843755003721171
9 43.2 0.01723550012400107065 0.3337198756243731634
9 57.6 0.01609601987778902163 0.3498158955021621885
9 72 0.01664873468238173976 0.3664646301845439491
9 86.4 0.01653977264389657267 0.3830044028284405044
9 100.8 0.01526331965659770418 0.3982677224850382225
9 115.2 0.01576929590822413046 0.414037018393262346
9 129.6 0.01592301021251570081 0.429960028605778033
9 144 0.01504126085941700011 0.4450012894651950157
9 158.4 0.01496148508124036172 0.4599627745464353601
9 172.8 0.01565441554473195537 0.4756171900911673189
9 -172.8 0.01491730032605106428 0.4905344904172183607
9 -158.4 0.01490039661695570852 0.5054348870341740518
9 -144 0.01596099288738943647 0.5213958799215634432
9 -129.6 0.01544788221657648203 0.5368437621381398905
9 -115.2 0.01536214757692018658 0.552205909715060117
9 -100.8 0.01618134915271881094 0.5683872588677789661
9 -86.4 0.0163453191845910166 0.5847325780523700001
9 -72 0.01581315637163221988 0.6005457344240021644
9 -57.6 0.0166669355586019155 0.6172126699826040452
9 -43.2 0.01687363103264799546 0.6340863010152519852
9 -28.8 0.01689410195133661183 0.650980402966588545
9 -14.4 0.01723404081098564231 0.6682144437775742185
16 0 0.0117613737843010515 0.6799758175618753064
16 14.4 0.01162010417711325377 0.6915959217389885394
16 28.8 0.01145925545363515353 0.7030551771926236704
16 43.2 0.01125665416332679962 0.714311831355950444
16 57.6 0.01091176985401438003 0.7252236012099648743
16 72 0.01066692955920396473 0.7358905307691688824
16 86.4 0.01057422264625174253 0.7464647534154206232
16 100.8 0.01030733051031933016 0.7567720839257399135
16 115.2 0.009921869191883527991 0.7666939531176234501
16 129.6 0.01002037282042480409 0.7767143259380482334
16 144 0.009575809324864237304 0.7862901352629124707
16 158.4 0.009749062208973461111 0.7960391974718858954
16 172.8 0.009617318672858586256 0.8056565161447444279
16 -172.8 0.009586024515972221827 0.8152425406607166636
16 -158.4 0.009756439846995893991 0.8249989805077125871
16 -144 0.00946449617096532976 0.834463476678677929
16 -129.6 0.01010489136590157939 0.844568368044579465
16 -115.2 0.009812177496890650205 0.8543805455414701377
16 -100.8 0.0102089079547233539 0.8645894534961935385
16 -86.4 0.01067410451486314367 0.8752635580110567082
16 -72 0.01060178744765423973 0.8858653454587109843
16 -57.6 0.01093325418451926781 0.8967985996432302764
16 -43.2 0.01147161907779362632 0.9082702187210238698
16 -28.8 0.01145362088393670104 0.9197238396049606246
16 -14.4 0.01158264847638397835 0.9313064880813446411
25 0 0.00300241491982169463 0.9343089030011663132
25 14.4 0.002900871055831613383 0.9372097740569979019
25 28.8 0.002745981193833170204 0.939955755250831082
25 43.2 0.002903830218335116953 0.9428595854691661504
25 57.6 0.002820892595291721056 0.9456804780644578745
25 72 0.002574674060411180718 0.9482551521248691051
25 86.4 0.002768519472626976719 0.951023671597496123
25 100.8 0.002678366357451750657 0.953702037954947901
25 115.2 0.002783599040453048779 0.9564856369954009008
25 129.6 0.002654003937388661315 0.9591396409327895833
25 144 0.002812339399562417078 0.9619519803323519636
25 158.4 0.002840309565691421286 0.9647922898980433315
25 172.8 0.002700174979737844302 0.9674924648777811775
25 -172.8 0.002715416693454519078 0.9702078815712357196
25 -158.4 0.002766857477248296608 0.972974739048483972
25 -144 0.002657368464618672325 0.9756321075131026976
25 -129.6 0.002570498803728155698 0.9782026063168308694
25 -115.2 0.002605643925516339283 0.9808082502423471905
25 -100.8 0.002723929352711172702 0.9835321795950583423
25 -86.4 0.002635195014078722461 0.9861673746091370596
25 -72 0.002622709780502297319 0.9887900843896393344
25 -57.6 0.002684527901294662088 0.991474612290934032
25 -43.2 0.002887534556329523008 0.9943621468472635394
25 -28.8 0.002762682220565271587 0.997124829067828844
25 -14.4 0.002875170932171049794 0.999999999999999889
