2 6 12 20 30 
1 25 25 25 25 
0 0 0.02638726265445424934 0.02638726265445424934
4 0 0.008332348260402681894 0.03471961091485693124
4 14.4 0.008137324558511051242 0.04285693547336798248
4 28.8 0.007710653180085019417 0.05056758865345300363
4 43.2 0.008253998670255235232 0.0588215873237082354
4 57.6 0.008093068860952911531 0.0669146561846611504
4 72 0.007533423006077588982 0.07444807919073874458
4 86.4 0.007839231120506977984 0.08228731031124572604
4 100.8 0.007582448530457832486 0.08986975884170356199
4 115.2 0.007329274418091496525 0.09719903325979506459
4 129.6 0.007042172320155753659 0.104241205579950813
4 144 0.006699781707838567413 0.1109409872877893805
4 158.4 0.006803017350970908331 0.117744004638760294
4 172.8 0.006758927560432668666 0.1245029321991929644
4 -172.8 0.006547230203041158776 0.1310501624022341327
4 -158.4 0.006734000030692798532 0.1377841624329269321
4 -144 0.006852665026675775276 0.1446368274596027126
4 -129.6 0.006389203766587072883 0.1510260312261897941
4 -115.2 0.007088916623012381929 0.1581149478492021865
4 -100.8 0.006984685537760645067 0.1650996333869628185
4 -86.4 0.007113470861957478693 0.1722131042489203068
4 -72 0.007614841876093171764 0.1798279461250134881
4 -57.6 0.00771289292485365964 0.1875408390498671529
4 -43.2 0.007797546981757278589 0.195338386031624428
4 -28.8 0.008073242972074944415 0.2034116290036993846
4 -14.4 0.00763334050881194371 0.2110449695125113379
9 0 0.01789327947991467549 0.2289382489924260133
9 14.4 0.01686453152627407151 0.2458027805187000814
9 28.8 0.01764931320715274962 0.2634520937258528206
9 43.2 0.01754943718117336904 0.2810015309070261758
9 57.6 0.01603951739306981594 0.2970410483000959778
9 72 0.01657539706734456261 0.3136164453674405439
9 86.4 0.01552993398144910699 0.3291463793488896283
9 100.8 0.01420110170556564133 0.3433474810544552835
9 115.2 0.01448218967403003439 0.3578296707284853162
9 129.6 0.01368799276977207199 0.3715176634982573778
9 144 0.01323340753524798394 0.3847510710335053652
9 158.4 0.01245397635576105978 0.3972050473892664302
9 172.8 0.01275231865429497964 0.409957366043561422
9 -172.8 0.01263800871758436091 0.4225953747611457811
9 -158.4 0.01247301418629450341 0.4350683889474402655
9 -144 0.01293037836340190684 0.4479987673108421498
9 -129.6 0.01299786104374594901 0.4609966283545881005
9 -115.2 0.01309628538330120939 0.4740929137378893099
9 -100.8 0.01407239933487875773 0.488165313072768059
9 -86.4 0.01435386059413792416 0.5025191736669060161
9 -72 0.01437737791420864997 0.5168965515811146938
9 -57.6 0.01587020927926257804 0.5327667608603772198
9 -43.2 0.01601682960809858516 0.5487835904684758015
9 -28.8 0.01618016506918944913 0.5649637555376652021
9 -14.4 0.01717697592149943289 0.5821407314591646731
16 0 0.01487721428841027455 0.5970179457475749407
16 14.4 0.01461586925531389858 0.6116338150028888254
16 28.8 0.01486302923820888473 0.6264968442410977501
16 43.2 0.01456439660239013979 0.6410612408434879228
16 57.6 0.01355265411828921601 0.6546138949617771319
16 72 0.01340142986965100168 0.6680153248314281145
16 86.4 0.01288093807147191495 0.6808962629029000624
16 100.8 0.0126849604042158625 0.6935812233071159127
16 115.2 0.01149831044438610027 0.7050795337515020078
16 129.6 0.01130813952282652517 0.716387673274328507
16 144 0.01065073295647553722 0.7270384062308040685
16 158.4 0.01028507388461747524 0.7373234801154215923
16 172.8 0.00997080451217322028 0.7472942846275948403
16 -172.8 0.01016798500532354113 0.7574622696329184057
16 -158.4 0.01018324845115427778 0.7676455180840726644
16 -144 0.01002211125807707902 0.7776676293421497244
16 -129.6 0.01081116504471816252 0.7884787943868678539
16 -115.2 0.01092223979454074595 0.7994010341814086207
16 -100.8 0.01134812311462225602 0.8107491572960309201
16 -86.4 0.01167375711792961387 0.8224229144139605374
16 -72 0.01264493533566515664 0.835067849749625668
16 -57.6 0.01313120881099001311 0.8481990585606157262
16 -43.2 0.01328326259472772421 0.8614823211553434001
16 -28.8 0.01440956387606911505 0.8758918850314124649
16 -14.4 0.01442959714872195549 0.8903214821801344048
25 0 0.005265183706769296403 0.8955866658869037211
25 14.4 0.004988824088372032992 0.9005754899752757003
25 28.8 0.004613832746644634143 0.9051893227219203197
25 43.2 0.004485130375957750541 0.9096744530978780885
25 57.6 0.004419472672832601076 0.9140939257707106913
25 72 0.00415016410278105756 0.918244089873491709
25 86.4 0.004086746144424549185 0.9223308360179162113
25 100.8 0.004198360092061805167 0.9265291961099779705
25 115.2 0.004250703756840035728 0.9307798998668179724
25 129.6 0.003790145869599571143 0.934570045736417554
25 144 0.004183055169476094376 0.9387531009058937004
25 158.4 0.004174013236891582594 0.9429271141427852942
25 172.8 0.00360532544943174783 0.9465324395922170009
25 -172.8 0.003832742496958716893 0.9503651820891757529
25 -158.4 0.004324532380695225199 0.9546897144698709425
25 -144 0.00390449728306516532 0.9585942117529361317
25 -129.6 0.004145352799203977888 0.962739564552140159
25 -115.2 0.004261653620153389374 0.967001218172293564
25 -100.8 0.004233573857035432229 0.9712347920293289416
25 -86.4 0.004323868752615627614 0.9755586607819445311
25 -72 0.004258667293795201543 0.9798173280757397352
25 -57.6 0.004855434844372993886 0.984672762920112743
25 -43.2 0.005156141317940479869 0.9898289042380532532
25 -28.8 0.004791062920652064579 0.9946199671587052649
25 -14.4 0.005380032841294589419 0.999999999999999889
