2 6 12 20 30 
1 25 25 25 25 
0 0 0.01192461921666148478 0.01192461921666148478
4 0 0.003600240153996608211 0.01552485937065809299
4 14.4 0.003596870720066803334 0.01912173009072489632
4 28.8 0.003530541006420071393 0.02265227109714496728
4 43.2 0.003618723905840109858 0.02627099500298507584
4 57.6 0.003553260618061041941 0.02982425562104611821
4 72 0.003558555442807878177 0.03338281106385399682
4 86.4 0.003644427873247479098 0.03702723893710147679
4 100.8 0.003635137862555302447 0.04066237679965677837
4 115.2 0.003686256988747486397 0.0443486337884042639
4 129.6 0.003690155905151975158 0.04803878969355623862
4 144 0.003622334013622043655 0.05166112370717828445
4 158.4 0.003676678169432755217 0.05533780187661103966
4 172.8 0.003706136648933335952 0.05904393852554437605
4 -172.8 0.003657616800344144509 0.06270155532588851666
4 -158.4 0.003722021123173845092 0.06642357644906235481
4 -144 0.003658001878507550694 0.07008157832756990724
4 -129.6 0.00360630513507025725 0.07368788346264015798
4 -115.2 0.003753790071654863371 0.07744167353429502743
4 -100.8 0.003623344843800985378 0.08106501837809601541
4 -86.4 0.003594945329249771976 0.08465996370734578391
4 -72 0.003596870720066803334 0.08825683442741258378
4 -57.6 0.003587676978915478338 0.09184451140632805821
4 -43.2 0.003540889982061614944 0.09538540138838967619
4 -28.8 0.003593260612284869537 0.09897866200067453879
4 -14.4 0.003567219701484519723 0.1025458817021590585
9 0 0.009528951692570153051 0.1120748333947292064
9 14.4 0.009462236900760014058 0.1215370702954892135
9 28.8 0.00949116589778591091 0.1310282361932751383
9 43.2 0.00966348837591022268 0.1406917245691853557
9 57.6 0.009616027492270399005 0.1503077520614557461
9 72 0.009790516035063869318 0.1600982680965196137
9 86.4 0.009828253695077684982 0.1699265217915972848
9 100.8 0.009976508787989104773 0.1799030305795863982
9 115.2 0.009956436588721551476 0.1898594671683079549
9 129.6 0.009980070761000612092 0.1998395379293085583
9 144 0.01011494438773366186 0.2099544823170422236
9 158.4 0.009900696524568491572 0.21985517884161071
9 172.8 0.01005001058242927826 0.2299051894240399796
9 -172.8 0.01006560624804723331 0.239970795672087206
9 -158.4 0.009927603861236505844 0.2498983995333237118
9 -144 0.01001785655578485423 0.259916256089108566
9 -129.6 0.01009188783269971204 0.2700081439218082746
9 -115.2 0.00992028737613178703 0.2799284312979400391
9 -100.8 0.009855594244679530616 0.289784025542619561
9 -86.4 0.009895161025969526417 0.2996791865685891065
9 -72 0.009808759113055242479 0.3094879456816443386
9 -57.6 0.009535690560429762805 0.3190236362420740823
9 -43.2 0.009658241685933811188 0.3286818779280079039
9 -28.8 0.00956019115857648788 0.3382420690865843849
9 -14.4 0.009372224880063796323 0.347614293966648169
16 0 0.01358233257535510288 0.3611966265420032962
16 14.4 0.01332283802798969567 0.3745194645699929659
16 28.8 0.01358560573974405654 0.3881050703097370103
16 43.2 0.01396163456631029087 0.4020667048760472873
16 57.6 0.01391773565568197452 0.4159844405317292826
16 72 0.01425400516187651061 0.4302384456936058088
16 86.4 0.01455167058218956658 0.4447901162757953997
16 100.8 0.01458112906169014775 0.4593712453374855231
16 115.2 0.01448144195213834674 0.4738526872896238751
16 129.6 0.01452201956360728297 0.4883747068532311442
16 144 0.01440071994213430392 0.5027754267953654654
16 158.4 0.01420943236446223397 0.5169848591598277254
16 172.8 0.01426435413751805416 0.531249213297345757
16 -172.8 0.01432639985659689245 0.5455756131539426512
16 -158.4 0.0142196850705629263 0.5597952982245055775
16 -144 0.01430420972743060536 0.5740995079519362054
16 -129.6 0.01457164651191626865 0.5886711544638524307
16 -115.2 0.0144905875585192457 0.6031617420223717163
16 -100.8 0.01453275361741223314 0.6176944956397839581
16 -86.4 0.0145238486848834631 0.6322183443246673917
16 -72 0.01419532887672747892 0.6464136732013948672
16 -57.6 0.01397597872789717484 0.6603896519292919987
16 -43.2 0.01397877054458187066 0.674368422473873852
16 -28.8 0.01352514846808927119 0.6878935709419631284
16 -14.4 0.0133762676231623176 0.7012698385651254807
25 0 0.01129155071602155717 0.7125613892811469841
25 14.4 0.0113064724948535502 0.7238678617760004874
25 28.8 0.01146262169011479787 0.7353304834661152922
25 43.2 0.01185265773487493603 0.7471831412009902751
25 57.6 0.01221795250763622019 0.7594010937086265178
25 72 0.01244120157287101174 0.7718422952814975035
25 86.4 0.01251340372850968941 0.7843556990100072346
25 100.8 0.01243369254868459048 0.796789391558691773
25 115.2 0.01228871062016212434 0.8090781021788538974
25 129.6 0.0120225734744779586 0.8211006756533318907
25 144 0.01186449888839967957 0.8329651745417315789
25 158.4 0.01178868662497906811 0.8447538611667106956
25 172.8 0.01151306692952102154 0.8562669280962317275
25 -172.8 0.01161492010374198282 0.8678818481999737156
25 -158.4 0.01177819324502624686 0.879660041444999985
25 -144 0.01176890323433407021 0.8914289446793340899
25 -129.6 0.01203388514552801783 0.9034628298248621459
25 -115.2 0.01241304273217192812 0.9158758725570340653
25 -100.8 0.01238146632277261315 0.9282573388798066594
25 -86.4 0.01253116545879680473 0.940788504338603504
25 -72 0.01247316306043373332 0.9532616673990372824
25 -57.6 0.01214993807702458538 0.9654116054760618626
25 -43.2 0.01184765171875065519 0.9772592571948125473
25 -28.8 0.01153467944144219784 0.9887939366362547
25 -14.4 0.01120606336374536244 1
