2 6 12 20 30 
1 25 25 25 25 
0 0 0.034719724909756354 0.034719724909756354
4 0 0.009441936648661211282 0.04416166155841756702
4 14.4 0.009860796855784394535 0.05402245841420195982
4 28.8 0.009406568230156569718 0.06342902664435852433
4 43.2 0.009655537363422193875 0.07308456400778071127
4 57.6 0.009409225972587554124 0.0824937899803682706
4 72 0.009053170263525792474 0.09154696024389406828
4 86.4 0.009482129891886717857 0.1010290901357807913
4 100.8 0.009148480995935412766 0.1101775711317162093
4 115.2 0.008909365953836977103 0.1190869370855531795
4 129.6 0.009130285682369440603 0.128217222767922634
4 144 0.008638603332637277005 0.1368558261005599075
4 158.4 0.008691880846292247137 0.1455477069468521512
4 172.8 0.008994127493212841426 0.1545418344400650013
4 -172.8 0.008682272085195610542 0.1632241065252606205
4 -158.4 0.008858500852542439477 0.1720826073778030652
4 -144 0.008733668734976343662 0.1808162761127793949
4 -129.6 0.008434897597388576335 0.1892511737101679747
4 -115.2 0.009306923333167189949 0.1985580970433351577
4 -100.8 0.008648089428698638517 0.2072061864720337876
4 -86.4 0.008825258627982585091 0.2160314451000163727
4 -72 0.009400557643428035168 0.2254320027434444096
4 -57.6 0.009248003227889515718 0.234680005971333927
4 -43.2 0.00932650885046629359 0.2440065148218002189
4 -28.8 0.009717483206236682963 0.2537239980280369123
4 -14.4 0.009550740534951213806 0.2632747385629881087
9 0 0.0176950446637704345 0.2809697832267585293
9 14.4 0.01723828096074690383 0.2982080641875054505
9 28.8 0.01741553193672103206 0.3156235961242264687
9 43.2 0.01730464274483133405 0.3329282388690578132
9 57.6 0.01635026788203728862 0.3492785067510951191
9 72 0.01640820666703275352 0.3656867134181278622
9 86.4 0.01645580070071992612 0.3821425141188478092
9 100.8 0.01510869328331652939 0.3972512074021643524
9 115.2 0.01538456694765273636 0.4126357743498170749
9 129.6 0.0155533540361928093 0.4281891283860098651
9 144 0.01437838655162703566 0.4425675149376369077
9 158.4 0.01437262129496905301 0.4569401362326059868
9 172.8 0.01513772400833189938 0.4720778602409378966
9 -172.8 0.01445288511638478934 0.4865307453573226582
9 -158.4 0.01435013270516841306 0.5008808780624910417
9 -144 0.0155194984864565743 0.5164003765489476594
9 -129.6 0.01511985580152666424 0.5315202323504742976
9 -115.2 0.01510513599729351904 0.5466253683477678704
9 -100.8 0.01612476865885451374 0.5627501370066223529
9 -86.4 0.01619023089934691975 0.5789403679059692553
9 -72 0.01612934815350482512 0.5950697160594741186
9 -57.6 0.01711496171194921284 0.61218467777142338
9 -43.2 0.01735931046221943566 0.6295439882336427706
9 -28.8 0.01695341186049043741 0.6464974000941332566
9 -14.4 0.01749048027327480131 0.6639878803674080787
16 0 0.01210564877802931816 0.6760935291454374108
16 14.4 0.01208667658590659687 0.6881802057313439747
16 28.8 0.0120176979477362722 0.7001979036790801914
16 43.2 0.01167587138276655195 0.7118737750618467919
16 57.6 0.01133641634181217252 0.7232101914036589418
16 72 0.01081222775773181197 0.7340224191613907712
16 86.4 0.01070101145908137694 0.7447234306204721932
16 100.8 0.01039508486110249548 0.7551185154815747147
16 115.2 0.009647645912819424047 0.7647661613943941283
16 129.6 0.009752728959706049444 0.7745188903541001535
16 144 0.009191986195113376057 0.7837108765492135642
16 158.4 0.00925973818293093949 0.7929706147321444742
16 172.8 0.009123130221978328208 0.8020937449541227782
16 -172.8 0.009017965398401519422 0.8111117103525242733
16 -158.4 0.009576541080704312203 0.8206882514332285439
16 -144 0.009013263238715931228 0.8297015146719445289
16 -129.6 0.009718260084793432091 0.839419774756738013
16 -115.2 0.009721612929090982236 0.8491413876858290299
16 -100.8 0.01008461965681839607 0.8592260073426474243
16 -86.4 0.01078573211011214956 0.8700117394527595582
16 -72 0.01095971201847891451 0.8809714514712384537
16 -57.6 0.01142592092921871673 0.892397372400457134
16 -43.2 0.01170854117049511742 0.9041059135709522687
16 -28.8 0.01189172095650759854 0.9159976345274598586
16 -14.4 0.01200056573114269449 0.9279982002586025791
25 0 0.00309042289874896783 0.9310886231573515248
25 14.4 0.00307746129335478109 0.9341660844507062578
25 28.8 0.002974586217103128427 0.9371406706678093723
25 43.2 0.003030235254773438504 0.9401709059225827891
25 57.6 0.002909696413442010906 0.9430806023360247536
25 72 0.002720138045595166081 0.9458007403816198755
25 86.4 0.002907570219497222861 0.9487083106011170441
25 100.8 0.002887984702198120521 0.9515962953033151317
25 115.2 0.002891010439734934077 0.954487305743050074
25 129.6 0.002689798893536848867 0.9571771046365868951
25 144 0.002967594310092384544 0.9601446989466793092
25 158.4 0.003134296093032761139 0.9632789950397120382
25 172.8 0.002639015568932495497 0.9659180106086445727
25 -172.8 0.002849958541262493684 0.9687679691499070378
25 -158.4 0.002966204106359253932 0.9717341732562663204
25 -144 0.002838264474566161173 0.9745724377308324637
25 -129.6 0.002722959341406518997 0.9772953970722390027
25 -115.2 0.002854456259222621674 0.9801498533314616513
25 -100.8 0.002771412030340624118 0.9829212653618022433
25 -86.4 0.002683256758322117522 0.9856045221201243933
25 -72 0.002852002958517097474 0.988456525078641457
25 -57.6 0.002810623953283920926 0.9912671490319253653
25 -43.2 0.002907611107842314989 0.9941747601397676881
25 -28.8 0.002885286071422043987 0.99706004621118971
25 -14.4 0.002939953788810143864 0.999999999999999889
