2 6 12 20 30 
1 25 25 25 25 
0 0 0.02169210108455163141 0.02169210108455163141
4 0 0.006317168067696535619 0.02800926915224816877
4 14.4 0.006422779529293413774 0.03443204868154157994
4 28.8 0.006212173015408588989 0.0406442216969501724
4 43.2 0.006407944611925136917 0.04705216630887530671
4 57.6 0.006355960760205272772 0.05340812706908058122
4 72 0.006237445797074767616 0.0596455728661553497
4 86.4 0.006348029627097024306 0.06599360249325236794
4 100.8 0.006215583813584674676 0.07220918630683703654
4 115.2 0.006249404137668033293 0.07845859044450506636
4 129.6 0.006268307356475256303 0.0847268978009803192
4 144 0.006128423537301803774 0.09085532133828212731
4 158.4 0.006214803028460029119 0.09707012436674215816
4 172.8 0.006186407106295264795 0.1032565314730374273
4 -172.8 0.006107506714752072158 0.1093640381877895029
4 -158.4 0.006318031040729039927 0.1156820692285185359
4 -144 0.006134957475976474291 0.1218170267044950128
4 -129.6 0.006118725364174619485 0.1279357520686696392
4 -115.2 0.006444805888599222481 0.1343805579572688591
4 -100.8 0.006114698156689602274 0.1404952561139584666
4 -86.4 0.006223843698324352941 0.1467190998122828161
4 -72 0.006407122732846561551 0.1531262225451293646
4 -57.6 0.006329783911552660895 0.1594560064566820368
4 -43.2 0.00625211633862733044 0.1657081227953093594
4 -28.8 0.006472379931685410571 0.172180502726994783
4 -14.4 0.006263499363865593535 0.1784440020908603652
9 0 0.01394087730660363393 0.192384879397463987
9 14.4 0.0137497082329271058 0.2061345876303910807
9 28.8 0.01393705556888826143 0.2200716431992793543
9 43.2 0.01419639951213257957 0.234268042711411939
9 57.6 0.01378287105374760395 0.2480509137651595308
9 72 0.01401833940975932141 0.2620692531749188592
9 86.4 0.01401710659114145836 0.2760863597660603297
9 100.8 0.01363604235636019409 0.2897224021224205082
9 115.2 0.01362091978131441464 0.3033433219037349193
9 129.6 0.01373992787189206449 0.317083249775626963
9 144 0.01351243174294252357 0.3305956815185694952
9 158.4 0.01317821461564003087 0.3437738961342095001
9 172.8 0.01358545569907390616 0.3573593518332833785
9 -172.8 0.01339473865889059465 0.3707540904921739489
9 -158.4 0.01320858304759337312 0.3839626735397673185
9 -144 0.01372784624943701286 0.3976905197892043331
9 -129.6 0.01364048050338449725 0.4113310002925888442
9 -115.2 0.01354201938977122113 0.4248730196823600758
9 -100.8 0.01384862138003359854 0.4387216410623936969
9 -86.4 0.01400806592127713454 0.452729706983670821
9 -72 0.01388363342878089039 0.466613340412451727
9 -57.6 0.0139489728155275973 0.4805623132279793208
9 -43.2 0.01413504623891696094 0.4946973594668963026
9 -28.8 0.01386518224346688401 0.5085625417103631918
9 -14.4 0.01383308786544853314 0.5223956295758117596
16 0 0.01339391677981201928 0.5357895463556238136
16 14.4 0.0131281210858008885 0.5489176674414246726
16 28.8 0.01342354552059464579 0.5623412129620193323
16 43.2 0.01373396924857239569 0.5760751822105917297
16 57.6 0.01343225743882753981 0.5895074396494193181
16 72 0.01364828835463095975 0.6031557280040502622
16 86.4 0.01367278035117249282 0.6168285083552227377
16 100.8 0.01336198677760938418 0.6301904951328320958
16 115.2 0.01325427952436213953 0.6434447746571941851
16 129.6 0.01329574332387624402 0.6567405179810704707
16 144 0.0129513348959994206 0.6696918528770698931
16 158.4 0.01290880265368316883 0.6826006555307531087
16 172.8 0.01291167923045818088 0.695512334761211326
16 -172.8 0.01288032454361054749 0.7083926593048218701
16 -158.4 0.01292063771241464855 0.7213132970172365654
16 -144 0.01291332298861533161 0.7342266200058519265
16 -129.6 0.01322444531380987005 0.7474510653196617671
16 -115.2 0.01314213412409058999 0.7605931994437523658
16 -100.8 0.01336568523346297159 0.7739588846772152975
16 -86.4 0.01368736870481719776 0.7876462533820325351
16 -72 0.01350211716050640949 0.8011483705425389568
16 -57.6 0.01359457855684608786 0.8147429490993850498
16 -43.2 0.01374074975097063986 0.8284836988503556654
16 -28.8 0.01331456435477561089 0.8417982632051312919
16 -14.4 0.01318815935249078621 0.8549864225576220278
25 0 0.005744523819699455525 0.8607309463773215041
25 14.4 0.005605955007051722193 0.866336901384373248
25 28.8 0.005659829180652308986 0.8719967305650255796
25 43.2 0.006019812217068127615 0.8780165427820937341
25 57.6 0.005925789250479155529 0.8839423320325728861
25 72 0.006003128071773056185 0.8899454601043459423
25 86.4 0.006033660879542115073 0.8959791209838880999
25 100.8 0.005890653919870077714 0.9018697749037581923
25 115.2 0.005803247079863634028 0.9076730219836218749
25 129.6 0.005763509226414536418 0.9134365312100364287
25 144 0.005735113304249772094 0.9191716445142862346
25 158.4 0.005619228354170707936 0.924790872868456959
25 172.8 0.005659007301573734487 0.9304498801700307187
25 -172.8 0.005650583041018341322 0.9361004632110490054
25 -158.4 0.005666445307234837386 0.9417669085182838185
25 -144 0.00564791193401297225 0.9474148204522967465
25 -129.6 0.005814794480917611155 0.953229614933214342
25 -115.2 0.005828273297806240739 0.9590578882310205611
25 -100.8 0.005807520851072223156 0.9648654090820927287
25 -86.4 0.006062549929154023229 0.9709279590112467329
25 -72 0.00594091182552493411 0.9768688708367716522
25 -57.6 0.005934624450573836377 0.9828034952873454522
25 -43.2 0.006018908150081694365 0.988822403437427111
25 -28.8 0.005678403647828102196 0.994500807085255234
25 -14.4 0.00549919291474483974 1
