2 6 12 20 30 
1 25 25 25 25 
0 0 0.02081384013646333381 0.02081384013646333381
4 0 0.006383004942299450556 0.02719684507876278523
4 14.4 0.006384200138090449263 0.03358104521685323363
4 28.8 0.006213245926329697896 0.03979429114318293326
4 43.2 0.006353125047524488082 0.04614741619070741874
4 57.6 0.006255902051973954471 0.05240331824268137234
4 72 0.005966747097848247409 0.05837006534052961715
4 86.4 0.00611717691292219725 0.06448724225345181527
4 100.8 0.005940864926925935006 0.0704281071803777442
4 115.2 0.005927305636745297014 0.07635541281712304729
4 129.6 0.005931056078710154368 0.08228646889583320079
4 144 0.005754125887994411201 0.08804059478382761372
4 158.4 0.005713983794876047531 0.09375457857870365952
4 172.8 0.005758659389270611578 0.09951323796797427457
4 -172.8 0.005680518312728088937 0.1051937562807023635
4 -158.4 0.00591201537335010914 0.1111057716540524709
4 -144 0.005708790875232398754 0.1168145625292848766
4 -129.6 0.005802716778945694702 0.1226172793082305756
4 -115.2 0.006091294741999884847 0.1287085740502304509
4 -100.8 0.005880033582528908578 0.1345886076327593717
4 -86.4 0.005929201464551708996 0.1405178090973110694
4 -72 0.00621530660872797111 0.1467331157060390301
4 -57.6 0.006218150350437588215 0.1529512660564766313
4 -43.2 0.006242177907201454379 0.1591934439636780718
4 -28.8 0.006400726810924600718 0.1655941707746026725
4 -14.4 0.006288666902106499791 0.1718828376767091715
9 0 0.01516822978356199489 0.1870510674602711698
9 14.4 0.01486563918019954619 0.2019167066404707056
9 28.8 0.01464444553156889206 0.2165611521720395838
9 43.2 0.0147738151725324892 0.2313349673445720678
9 57.6 0.01404260263032919807 0.2453775699749012607
9 72 0.01393491136819543542 0.2593124813430967013
9 86.4 0.01367415261751793454 0.2729866339606146219
9 100.8 0.01293041112633314289 0.2859170450869477631
9 115.2 0.01286908521816053017 0.2987861303051083106
9 129.6 0.0128684257997930835 0.3116545561049013924
9 144 0.01240802813837086661 0.3240625842432722781
9 158.4 0.01214170554521802788 0.3362042897884903181
9 172.8 0.01249795631823151162 0.3487022461067218471
9 -172.8 0.01229881197126238279 0.361001058077984216
9 -158.4 0.0120687161746711874 0.3730697742526554173
9 -144 0.01272945337885353356 0.3857992276315089786
9 -129.6 0.01273509964862480116 0.3985343272801337711
9 -115.2 0.01282098889098483123 0.4113553161711185902
9 -100.8 0.01324359363722271699 0.4245989098083413071
9 -86.4 0.01366417891471029267 0.4382630887230515859
9 -72 0.0138104049376917646 0.4520734936607433418
9 -57.6 0.01415692928978539919 0.4662304229505287445
9 -43.2 0.01468813199841228524 0.480918554948941035
9 -28.8 0.01473227181538329898 0.4956508267643243149
9 -14.4 0.0148890485322439297 0.5105398752965681908
16 0 0.01650355197764307932 0.5270434272742112736
16 14.4 0.01595367948648783799 0.542997106760699122
16 28.8 0.01573314525622463225 0.558730252016923723
16 43.2 0.01527353065411375839 0.5740037826710374658
16 57.6 0.01430764760039510662 0.5883114302714326227
16 72 0.01382742617430150235 0.6021388564457341719
16 86.4 0.01347954177182500608 0.6156183982175591485
16 100.8 0.01286817851790529078 0.6284865767354644861
16 115.2 0.0124230711198782609 0.6409096478553427678
16 129.6 0.01223460110773218722 0.6531442489630749915
16 144 0.01179110104197581173 0.6649353500050507737
16 158.4 0.01155292737038338645 0.6764882773754341549
16 172.8 0.01150775721221323523 0.6879960345876473538
16 -172.8 0.01163325277026807866 0.6996292873579154081
16 -158.4 0.01162669980024156995 0.7112559871581569659
16 -144 0.01171732861211762823 0.7229733157702745716
16 -129.6 0.01230342789983451465 0.7352767436701090897
16 -115.2 0.01227973005225437182 0.7475564737223634459
16 -100.8 0.01288334514035658143 0.7604398188627200517
16 -86.4 0.01345679183814806924 0.7738966107008681261
16 -72 0.01376898522148647074 0.7876655959223546333
16 -57.6 0.01445135959085068478 0.8021169555132052764
16 -43.2 0.01525922951826974225 0.8173761850314750221
16 -28.8 0.01565632301641700294 0.833032508047891973
16 -14.4 0.01609722662235155491 0.8491297346702435522
25 0 0.008067777657479718173 0.8571975123277232322
25 14.4 0.007649088207798553606 0.864846600535521759
25 28.8 0.007246966644599505368 0.8720935671801212097
25 43.2 0.007006897145200668975 0.8791004643253218509
25 57.6 0.006380655764365418883 0.885481120089687268
25 72 0.006102463640598526293 0.8915835837302857891
25 86.4 0.005922730921821130895 0.8975063146521069513
25 100.8 0.005586262699831069656 0.9030925773519380417
25 115.2 0.005435874098405085557 0.9085284514503431108
25 129.6 0.005187026091989604265 0.9137154775423327324
25 144 0.005152282986754716347 0.9188677605290874739
25 158.4 0.005050608917223912975 0.9239183694463113383
25 172.8 0.004948852420397178119 0.9288672218667085589
25 -172.8 0.004967439775629603656 0.933834661642338193
25 -158.4 0.005015989452932922282 0.9388506510952711048
25 -144 0.005140825592620317311 0.9439914766878914065
25 -129.6 0.005257913566490204915 0.9492493902543815976
25 -115.2 0.005357856662806459273 0.9546072469171880126
25 -100.8 0.005472719099686211564 0.9600799660168741756
25 -86.4 0.005914941542355657729 0.9659949075592297874
25 -72 0.006060631787913578483 0.9720555393471433936
25 -57.6 0.006349992810279112519 0.9784055321574225417
25 -43.2 0.006981756819941734721 0.9853872889773642729
25 -28.8 0.00716643517647498618 0.9925537241538392452
25 -14.4 0.007446275846160497168 0.999999999999999778
