2 6 12 20 30 
1 25 25 25 25 
0 0 0.03378833092497268015 0.03378833092497268015
4 0 0.01090696674565889979 0.04469529767063157993
4 14.4 0.01080665650755183865 0.05550195417818341859
4 28.8 0.01063328448407724683 0.06613523866226066195
4 43.2 0.01039528472013069235 0.07653052338239135777
4 57.6 0.009636120868347303539 0.08616664425073866651
4 72 0.009410946841312946287 0.09557759109205160586
4 86.4 0.009181730461399646714 0.1047593215534512456
4 100.8 0.008759828594256814649 0.1135191501477080533
4 115.2 0.00792216324767620883 0.1214413133953842622
4 129.6 0.007551065272271181329 0.1289923786676554496
4 144 0.006776280970474105568 0.1357686596381295629
4 158.4 0.006561587117570336081 0.1423302467556998852
4 172.8 0.007153617144766388249 0.1494838639004662795
4 -172.8 0.006413567134373548972 0.1558974310348398284
4 -158.4 0.007017674314615326633 0.1629151053494551638
4 -144 0.00705580218621422884 0.1699709075356694021
4 -129.6 0.006766399663436693801 0.1767373071991061029
4 -115.2 0.007727431631211655744 0.1844647388303177482
4 -100.8 0.007620833288626241431 0.1920855721189440035
4 -86.4 0.008445123936792572894 0.2005306960557365903
4 -72 0.009068444769607095224 0.2095991408253436994
4 -57.6 0.009596845168153145603 0.2191959859934968502
4 -43.2 0.01047283800869704649 0.2296688240021939054
4 -28.8 0.01028249808424912086 0.2399513220864430141
4 -14.4 0.01057010400574712704 0.2505214260921901359
9 0 0.02352978752445062174 0.2740512136166407542
9 14.4 0.02148081367073837941 0.2955320272873791509
9 28.8 0.02199633842678113543 0.3175283657141602656
9 43.2 0.02148031461482740115 0.3390086803289876771
9 57.6 0.01831270693665258686 0.3573213872656402779
9 72 0.01737547993583139078 0.3746968672014716617
9 86.4 0.01569406076055621796 0.3903909279620279005
9 100.8 0.01304187802724196543 0.4034328059892698937
9 115.2 0.012428937557375834 0.4158617435466457346
9 129.6 0.01087532660090274189 0.4267370701475484696
9 144 0.00901868889528235039 0.4357557590428308147
9 158.4 0.008889682942293915952 0.4446454419851247342
9 172.8 0.009331347423511571551 0.4539767894086362832
9 -172.8 0.008207124172846018417 0.4621839135814823085
9 -158.4 0.009163415109466666042 0.4713473286909489746
9 -144 0.01005038718005213556 0.4813977158710011084
9 -129.6 0.01101136924223600037 0.4924090851132371105
9 -115.2 0.01226594589684963481 0.5046750310100867054
9 -100.8 0.01430453938761348277 0.5189795703977001518
9 -86.4 0.01615838238013238629 0.5351379527778324929
9 -72 0.01710229673016071955 0.5522402495079932194
9 -57.6 0.01985498932394642521 0.5720952388319396897
9 -43.2 0.02178743362244473999 0.5938826724543844193
9 -28.8 0.02054298780282400733 0.6144256602572084613
9 -14.4 0.02227061955545596786 0.6366962798126644119
16 0 0.01759980556781708116 0.6542960853804814514
16 14.4 0.01687886939881479142 0.6711749547792962289
16 28.8 0.01694808845366777353 0.6881230432329640267
16 43.2 0.01570618781919304319 0.7038292310521571116
16 57.6 0.01417528390666955747 0.7180045149588266673
16 72 0.01194026200934382442 0.7299447769681705056
16 86.4 0.01057339777475959849 0.7405181747429301353
16 100.8 0.009687623438360480968 0.7502057981812906284
16 115.2 0.007199380571803291363 0.7574051787530938773
16 129.6 0.006516322746444413831 0.7639215014995383024
16 144 0.005712892635357063632 0.7696343941348953166
16 158.4 0.00507185531770273576 0.7747062494525980281
16 172.8 0.004685436325830610177 0.7793916857784286556
16 -172.8 0.005079191439594147803 0.7844708772180227774
16 -158.4 0.005178054415559365208 0.7896489316335821851
16 -144 0.004951932182294145092 0.7946008638158763571
16 -129.6 0.006616832606915866964 0.8012176964227921694
16 -115.2 0.007221189315113134624 0.8084388857379053439
16 -100.8 0.009105923868521723433 0.8175448096064270587
16 -86.4 0.01081419225180764269 0.8283590018582347447
16 -72 0.01262366917384038709 0.8409826710320751353
16 -57.6 0.01397690918205484779 0.8549595802141299883
16 -43.2 0.01525204694020087549 0.870211627154330869
16 -28.8 0.01713802913338691516 0.8873496562877177807
16 -14.4 0.01762655496464563334 0.9049762112523633828
25 0 0.004969948100680537766 0.9099461593530439041
25 14.4 0.004935014186911909281 0.9148811735399557943
25 28.8 0.004571901106082568687 0.9194530746460383153
25 43.2 0.004214776696184992406 0.9236678513422232895
25 57.6 0.004117959849454793861 0.9277858111916781336
25 72 0.003334891219535443627 0.9311207024112135855
25 86.4 0.00361940299438537165 0.9347401054055989311
25 100.8 0.003386842939868503922 0.938126948345467393
25 115.2 0.003833947130515846704 0.9419608954759832731
25 129.6 0.002396366673345698244 0.9443572621493290242
25 144 0.003946683860806319763 0.9483039460101353457
25 158.4 0.004664925127889315778 0.9529688711380246424
25 172.8 0.003077378369469556049 0.9560462495074941724
25 -172.8 0.003218960531414696413 0.9592652100389088554
25 -158.4 0.004080331033766871653 0.9633455410726757817
25 -144 0.003385794922455445059 0.9667313359951312801
25 -129.6 0.002818418257261824742 0.9695497542523930923
25 -115.2 0.003551780918447526841 0.9731015351708406369
25 -100.8 0.003246857756838500853 0.9763483929276791651
25 -86.4 0.00287236620123880633 0.979220759128917928
25 -72 0.003863141901308200007 0.9830839010302261372
25 -57.6 0.003498381935972623685 0.9865822829661987647
25 -43.2 0.00408407395309922424 0.9906663569192979413
25 -28.8 0.00450183365618091972 0.9951681905754788948
25 -14.4 0.004831809424521162424 1
