2 6 12 20 30 
1 25 25 25 25 
0 0 0.01136579195217556071 0.01136579195217556071
4 0 0.003900912928391901419 0.01526670488056746169
4 14.4 0.00380661971967042375 0.01907332460023788631
4 28.8 0.003755916694593380411 0.02282924129483126716
4 43.2 0.003782878208402121016 0.02661211950323338904
4 57.6 0.003637209138251866307 0.03024932864148525621
4 72 0.003585208500210765922 0.03383453714169602083
4 86.4 0.003558487285099073191 0.03739302442679509619
4 100.8 0.003397439098337772315 0.04079046352513286677
4 115.2 0.003363749221011699039 0.04415421274614456798
4 129.6 0.003334528899450710758 0.04748874164559527961
4 144 0.003188379231906361168 0.05067712087750163991
4 158.4 0.003198135359006493757 0.05387525623650813583
4 172.8 0.003232498072684300301 0.05710775430919243917
4 -172.8 0.003163388167413410876 0.06027114247660585178
4 -158.4 0.003313142315413474676 0.06358428479201932992
4 -144 0.003192800727932037109 0.06677708551995137354
4 -129.6 0.003202989392686855091 0.0699800749126382321
4 -115.2 0.003385279984267163585 0.07336535489690539091
4 -100.8 0.003417960607065637178 0.07678331550397102245
4 -86.4 0.00342233404335190363 0.08020564954732292695
4 -72 0.003565167588876996373 0.08377081713619992376
4 -57.6 0.003654943182093979125 0.08742576031829389638
4 -43.2 0.0037131915862583173 0.09113895190455220674
4 -28.8 0.003804505091136404539 0.09494345699568861041
4 -14.4 0.003824449882991355545 0.09876790687867996466
9 0 0.01154813060349527826 0.1103160374821752499
9 14.4 0.01133431282286232605 0.121650350305037569
9 28.8 0.01104854961233332072 0.1326988999173708828
9 43.2 0.01092638175475432218 0.1436252816721252101
9 57.6 0.01044895630346015167 0.1540742379755853653
9 72 0.01001608223059860699 0.1640903202061839705
9 86.4 0.009548941563538075605 0.1736392617697220531
9 100.8 0.00908463642110270489 0.1827238981908247684
9 115.2 0.008679829236056320341 0.1914037274268810818
9 129.6 0.00833822060833345341 0.1997419480352145282
9 144 0.008041163359043210571 0.2077831113942577301
9 158.4 0.007722719525715733384 0.2155058309199734679
9 172.8 0.007764531499002015787 0.2232703624189754932
9 -172.8 0.007805238098281879096 0.2310756005172573679
9 -158.4 0.007740982226691351005 0.2388165827439487077
9 -144 0.008085570558257607066 0.2469021533022063286
9 -129.6 0.008466299813859823331 0.2553684531160661519
9 -115.2 0.008614179632022916228 0.2639826327480890855
9 -100.8 0.008999810981044902014 0.2729824437291339945
9 -86.4 0.009675867335318617812 0.2826583110644526053
9 -72 0.01013584710120713113 0.2927941581656597347
9 -57.6 0.01034192726379515141 0.3031360854294548601
9 -43.2 0.01093089937025881579 0.3140669847997136777
9 -28.8 0.01124093274918962909 0.3253079175489033137
9 -14.4 0.01124958350228334215 0.3365575010511866472
16 0 0.01962437757230743943 0.356181878623494097
16 14.4 0.01896346003594772539 0.3751453386594418293
16 28.8 0.01850718086999374179 0.393652519529435585
16 43.2 0.01761990196101518788 0.4112724214904507902
16 57.6 0.01629600031950114922 0.4275684218099519152
16 72 0.01504466888449548095 0.4426130906944473753
16 86.4 0.01404324809441931735 0.4566563387888666892
16 100.8 0.01287938538513897641 0.4695357241740056864
16 115.2 0.01183475888933365437 0.4813704830633393494
16 129.6 0.01099813494569273561 0.4923686180090320885
16 144 0.01040997985479903166 0.502778597863831167
16 158.4 0.00984566239465245116 0.5126242602584836217
16 172.8 0.009644484325484200399 0.52226874458396777
16 -172.8 0.009716814233295527695 0.5319855588172632821
16 -158.4 0.009834945072764127508 0.5418205038900274495
16 -144 0.01039186133304164338 0.552212365223069046
16 -129.6 0.01111814011499830633 0.5633305053380673888
16 -115.2 0.0117713680930524988 0.5751018734311198477
16 -100.8 0.01276216768071915773 0.5878640411118389864
16 -86.4 0.01404690063461444018 0.6019109417464534317
16 -72 0.01503404768208597801 0.6169449894285393698
16 -57.6 0.01627937164966545419 0.6332243610782047893
16 -43.2 0.01775792953259933138 0.6509822906108041485
16 -28.8 0.01830984757997825355 0.6692921381907823708
16 -14.4 0.01908375356368975304 0.6883758917544721134
25 0 0.02094198338795883255 0.7093178751424309425
25 14.4 0.02024122432762862772 0.729559099470059591
25 28.8 0.01867322726965363333 0.7482323267397131827
25 43.2 0.0169600897986618912 0.7651924165383751086
25 57.6 0.01508095398774966789 0.7802733705261247765
25 72 0.01343567686880416806 0.7937090473949289793
25 86.4 0.01192088194235551429 0.8056299293372845005
25 100.8 0.01044669749570790486 0.8160766268329924245
25 115.2 0.009334691245250435407 0.8254113180782428616
25 129.6 0.008312604767228179772 0.8337239228454710327
25 144 0.007551002076805518777 0.8412749249222765124
25 158.4 0.007131104133584544556 0.848406029055861044
25 172.8 0.00658322310431601939 0.8549892521601770712
25 -172.8 0.006821935829963103777 0.8618111879901402261
25 -158.4 0.007068049755479254535 0.8688792377456194815
25 -144 0.007494435763520513986 0.8763736735091399721
25 -129.6 0.008236333960785270983 0.8846100074699252414
25 -115.2 0.009399668012932106687 0.8940096754828573689
25 -100.8 0.01044391003082215282 0.9044535855136794922
25 -86.4 0.01182774216737986564 0.9162813276810594099
25 -72 0.01331620035663210258 0.9295975280376914673
25 -57.6 0.01498252764143897207 0.9445800556791303926
25 -43.2 0.01683201059313552128 0.9614120662722659416
25 -28.8 0.01853087432152263764 0.9799429405937886139
25 -14.4 0.02005705940621134789 1
