2 6 12 20 30 
1 25 25 25 25 
0 0 0.02713989244662518008 0.02713989244662518008
4 0 0.007785759309034656107 0.03492565175565983532
4 14.4 0.007990473026775496423 0.04291612478243533174
4 28.8 0.007628331345952128403 0.05054445612838746188
4 43.2 0.007839887976195515293 0.05838434410458297891
4 57.6 0.007698276565364381603 0.06608262066994735617
4 72 0.007514583291418786698 0.0735972039613661394
4 86.4 0.007526015462605675603 0.0811232194239718124
4 100.8 0.007455332683762009964 0.0885785521077338267
4 115.2 0.007225419018781254615 0.09580397112651507785
4 129.6 0.007390673306941544611 0.1031946444334566199
4 144 0.007052338405543201461 0.1102469828389998213
4 158.4 0.007067827153602856613 0.1173148099926026727
4 172.8 0.007094993925993204817 0.1244098039185958793
4 -172.8 0.006861146610711583993 0.1312709505293074563
4 -158.4 0.007074219335341762685 0.1383451698646492312
4 -144 0.007027507238018992214 0.145372677102668213
4 -129.6 0.00707221153466736259 0.1524448886373355738
4 -115.2 0.007472214599636555279 0.1599171032369721412
4 -100.8 0.007127077761259633347 0.1670441809982317616
4 -86.4 0.007350968024217190144 0.1743951490224489587
4 -72 0.007621283555829745475 0.1820164325782787085
4 -57.6 0.007592190933812932759 0.1896086235120916508
4 -43.2 0.007659267866547471784 0.1972678913786391208
4 -28.8 0.008005306166451675587 0.2052731975450907964
4 -14.4 0.007650376177846558191 0.2129235737229373537
9 0 0.01682119014802531051 0.2297447638709626538
9 14.4 0.01623519917976835175 0.2459799630507309987
9 28.8 0.01658635942016847137 0.2625663224708994492
9 43.2 0.01640823881748243798 0.2789745612883818837
9 57.6 0.01541023895573385462 0.2943848002441157297
9 72 0.01548936269251479161 0.3098741629366305039
9 86.4 0.01527030754138538129 0.3251444704780158679
9 100.8 0.01410430803137069714 0.3392487785093865615
9 115.2 0.01414802891544385093 0.3533968074248304281
9 129.6 0.01415343768460754041 0.3675502451094379563
9 144 0.0134117807007986499 0.380962025810236582
9 158.4 0.01306152192192580955 0.3940235477321624158
9 172.8 0.0137448297596052052 0.4077683774917676418
9 -172.8 0.01322841523104479472 0.4209967927228124296
9 -158.4 0.01321153331517025027 0.4342083260379827059
9 -144 0.01383972907311356929 0.4480480551110962995
9 -129.6 0.01380289207706692986 0.4618509471881632189
9 -115.2 0.01395024006125349103 0.4758011872494167238
9 -100.8 0.01476921785878875654 0.4905704051082054873
9 -86.4 0.01511275665173095195 0.5056831617599364392
9 -72 0.01534402250900263054 0.5210271842689391253
9 -57.6 0.01597086607465502892 0.5369980503435941577
9 -43.2 0.01638848861493017936 0.5533865389585242989
9 -28.8 0.01620020608230024126 0.5695867450408245158
9 -14.4 0.01668056214976939081 0.5862673071905939448
16 0 0.01494586334261196678 0.6012131705332058873
16 14.4 0.01449873842508033091 0.6157119089582862026
16 28.8 0.01434655532906562239 0.6300584642873517938
16 43.2 0.01394860104029479672 0.6440070653276466217
16 57.6 0.01328795266736934252 0.6572950179950159955
16 72 0.01284935065882291359 0.6701443686538388622
16 86.4 0.01234850682937009211 0.6824928754832089162
16 100.8 0.01195923935168034281 0.6944521148348892225
16 115.2 0.01124134817177251111 0.705693463006661692
16 129.6 0.0108583909247737323 0.7165518539314353896
16 144 0.0104549459157912833 0.7270067998472267146
16 158.4 0.01040245626958911755 0.7374092561168158477
16 172.8 0.01010935834665072086 0.7475186144634665686
16 -172.8 0.01013513195122617803 0.7576537464146927414
16 -158.4 0.01023847222267181521 0.7678922186373645653
16 -144 0.01031026134066259821 0.7782024799780271618
16 -129.6 0.01110010554065708234 0.7893025855186842632
16 -115.2 0.01104999247484502421 0.8003525779935293238
16 -100.8 0.01177312852182067597 0.8121257065153499877
16 -86.4 0.01254691031641996107 0.8246726168317699557
16 -72 0.01283632044220129817 0.8375089372739712434
16 -57.6 0.01340485583724816861 0.8509137931112193964
16 -43.2 0.01405136765440489176 0.8649651607656242414
16 -28.8 0.01437634453498988149 0.879341505300614168
16 -14.4 0.01445116584175424809 0.8937926711423683779
25 0 0.005260232889307531363 0.8990529040316759257
25 14.4 0.005007209028809194058 0.904060113060485171
25 28.8 0.00491271947054050355 0.9089728325310256762
25 43.2 0.004841954740648904063 0.9138147872716745335
25 57.6 0.004708333556991401228 0.9185231208286659399
25 72 0.004284728590217020024 0.9228078494188829417
25 86.4 0.004278172506382245388 0.9270860219252652357
25 100.8 0.004123530878929496275 0.9312095528041947068
25 115.2 0.003944017108428570992 0.9351535699126233281
25 129.6 0.003698409817768322835 0.9388519797303916947
25 144 0.003821295414146381846 0.9426732751445380254
25 158.4 0.003708161992472550506 0.9463814371370106171
25 172.8 0.003525083351386466401 0.949906520488397077
25 -172.8 0.003508816068371431451 0.9534153365567684668
25 -158.4 0.003680421562746659728 0.9570957581195150832
25 -144 0.003597773930904530834 0.9606935320504196296
25 -129.6 0.003819779319759590043 0.9645133113701792604
25 -115.2 0.003813059333828945976 0.9683263707040081769
25 -100.8 0.004016502810326798636 0.9723428735143350155
25 -86.4 0.004243998919393482047 0.9765868724337285478
25 -72 0.004308576345166012685 0.9808954487788945631
25 -57.6 0.004467356500539463628 0.9853628052794339842
25 -43.2 0.004896902918289109535 0.9902597081977231319
25 -28.8 0.004850682527253948224 0.9951103907249770897
25 -14.4 0.00488960927502292246 1
